dt_today,sitetitle,sitelink,pre_click,new_clicks,difrnce
06:04:2014,5stargarciniacambogia,http://click2hit.com/5stargarciniacambogia,85,85,0
06:04:2014,Adrenalast,http://click2hit.com/Adrenalast,546,546,0
06:04:2014,Anataflex,http://click2hit.com/Anataflex,1292,1293,-1
06:04:2014,Diabetix,http://click2hit.com/Diabetix,725,725,0
06:04:2014,Equinox,http://click2hit.com/Equinox,8562,8591,-29
06:04:2014,LuxeCoat,http://click2hit.com/LuxeCoat,410,411,-1
06:04:2014,NOX360,http://click2hit.com/NOX360,50,52,-2
06:04:2014,Prescopodene,http://click2hit.com/Prescopodene,1351,1352,-1
06:04:2014,Puregarciniaslim,http://click2hit.com/Puregarciniaslim,173,343,-170
06:04:2014,RevoReplex,http://click2hit.com/RevoReplex,206,3,203
06:04:2014,absoluteraspberryketone,http://click2hit.com/absoluteraspberryketone,7,8,-1
06:04:2014,acaiberrypuremax,http://click2hit.com/acaiberrypuremax,170,172,-2
06:04:2014,actionprowhite,http://click2hit.com/actionprowhite,35,67,-32
06:04:2014,activedetoxcleanse,http://click2hit.com/activedetoxcleanse,19,26,-7
06:04:2014,activeraspberryketone,http://click2hit.com/activeraspberryketone,47,57,-10
06:04:2014,advancedgarciniacambogia,http://click2hit.com/advancedgarciniacambogia,778,778,0
06:04:2014,advancedpuregarcinia,http://click2hit.com/advancedpuregarcinia,552,552,0
06:04:2014,advancedtest,http://click2hit.com/advancedtest,568,571,-3
06:04:2014,advancedtrimgreencoffee,http://click2hit.com/advancedtrimgreencoffee,1672,1672,0
06:04:2014,africanmangopremier,http://click2hit.com/africanmangopremier,742,742,0
06:04:2014,agelesshealthsolution,http://click2hit.com/agelesshealthsolution,120,122,-2
06:04:2014,alleureantiagingcream,http://click2hit.com/alleureantiagingcream,127,159,-32
06:04:2014,alleureeyeserum,http://click2hit.com/alleureeyeserum,129,171,-42
06:04:2014,aloeferoxcleanse,http://click2hit.com/aloeferoxcleanse,1291,1298,-7
06:04:2014,aloeveracleanse,http://click2hit.com/aloeveracleanse,639,641,-2
06:04:2014,alore,http://click2hit.com/alore,3871,3888,-17
06:04:2014,alphacuthd,http://click2hit.com/alphacuthd,40,43,-3
06:04:2014,alphagenix,http://click2hit.com/alphagenix,25,33,-8
06:04:2014,alphamale,http://click2hit.com/alphamale,197,197,0
06:04:2014,alphamax1,http://click2hit.com/alphamax1,250,250,0
06:04:2014,amacari,http://click2hit.com/amacari,152,152,0
06:04:2014,amazingcleanse,http://click2hit.com/amazingcleanse,2,2,0
06:04:2014,ambitrimrx,http://click2hit.com/ambitrimrx,772,772,0
06:04:2014,amino,http://click2hit.com/amino,1269,1269,0
06:04:2014,andromale,http://click2hit.com/andromale,532,532,0
06:04:2014,anoradrol,http://click2hit.com/anoradrol,85,85,0
06:04:2014,aussiegarciniacambogia,http://click2hit.com/aussiegarciniacambogia,157,157,0
06:04:2014,authenticgarciniacambogia,http://click2hit.com/authenticgarciniacambogia,68,68,0
06:04:2014,beaute,http://click2hit.com/beaute,645,645,0
06:04:2014,bellaathome,http://click2hit.com/bellaathome,1757,1757,0
06:04:2014,bellapure,http://click2hit.com/bellapure,1698,1713,-15
06:04:2014,bellecomplex,http://click2hit.com/bellecomplex,639,640,-1
06:04:2014,berryherbalcleanse,http://click2hit.com/berryherbalcleanse,571,571,0
06:04:2014,berrythingarciniacambogia,http://click2hit.com/berrythingarciniacambogia,540,540,0
06:04:2014,betaalalinemax,http://click2hit.com/betaalalinemax,570,570,0
06:04:2014,betaboost,http://click2hit.com/betaboost,108,108,0
06:04:2014,betaforce,http://click2hit.com/betaforce,654,654,0
06:04:2014,beyondraspberryketone,http://click2hit.com/beyondraspberryketone,2098,2099,-1
06:04:2014,biocareslimplus,http://click2hit.com/biocareslimplus,312,312,0
06:04:2014,biocarexl,http://click2hit.com/biocarexl,326,326,0
06:04:2014,biogeniste,http://click2hit.com/biogeniste,448,448,0
06:04:2014,blackbullmaleenhancement,http://click2hit.com/blackbullmaleenhancement,1452,1453,-1
06:04:2014,blackdiamond,http://click2hit.com/blackdiamond,420,431,-11
06:04:2014,blacklineelite,http://click2hit.com/blacklineelite,1412,1447,-35
06:04:2014,blastxl,http://click2hit.com/blastxl,142,143,-1
06:04:2014,blizzadwhite,http://click2hit.com/blizzadwhite,15,20,-5
06:04:2014,bluemagicplus,http://click2hit.com/bluemagicplus,865,869,-4
06:04:2014,bodyfuelxs,http://click2hit.com/bodyfuelxs,89,89,0
06:04:2014,brandnew,http://click2hit.com/brandnew,351,351,0
06:04:2014,brandnewbooty,http://click2hit.com/brandnewbooty,766,770,-4
06:04:2014,cafevertextraminceur,http://click2hit.com/cafevertextraminceur,2100,2190,-90
06:04:2014,carbuloss,http://click2hit.com/carbuloss,351,358,-7
06:04:2014,celebritybodynow,http://click2hit.com/celebritybodynow,419,420,-1
06:04:2014,celebrityweightlosskit,http://click2hit.com/celebrityweightlosskit,359,360,-1
06:04:2014,cellanafricanmango,http://click2hit.com/cellanafricanmango,1881,1950,-69
06:04:2014,cellogicaskin,http://click2hit.com/cellogicaskin,175,179,-4
06:04:2014,cenaless,http://click2hit.com/cenaless,75,75,0
06:04:2014,cenaslim,http://click2hit.com/cenaslim,385,385,0
06:04:2014,cleandetox,http://click2hit.com/cleandetox,270,270,0
06:04:2014,cleansecatalystplus,http://click2hit.com/cleansecatalystplus,3296,3312,-16
06:04:2014,cleanseultimo,http://click2hit.com/cleanseultimo,1404,1406,-2
06:04:2014,cocogeniceyeserum,http://click2hit.com/cocogeniceyeserum,6,10,-4
06:04:2014,coffeecleansemax,http://click2hit.com/coffeecleansemax,383,384,-1
06:04:2014,coffeepurecleanse,http://click2hit.com/coffeepurecleanse,49,52,-3
06:04:2014,coleanse,http://click2hit.com/coleanse,2059,2079,-20
06:04:2014,collagen,http://click2hit.com/collagen,11,12,-1
06:04:2014,collagenfaceserum,http://click2hit.com/collagenfaceserum,45,46,-1
06:04:2014,colodetox,http://click2hit.com/colodetox,530,531,-1
06:04:2014,colodetoxplus,http://click2hit.com/colodetoxplus,92,92,0
06:04:2014,coloncleanse1300,http://click2hit.com/coloncleanse1300,282,283,-1
06:04:2014,coloncleansecomplete,http://click2hit.com/coloncleansecomplete,1282,1293,-11
06:04:2014,coloncleansetotal,http://click2hit.com/coloncleansetotal,766,767,-1
06:04:2014,colondetoxpro,http://click2hit.com/colondetoxpro,27,31,-4
06:04:2014,colonpurecleanse,http://click2hit.com/colonpurecleanse,413,417,-4
06:04:2014,colothin,http://click2hit.com/colothin,189,190,-1
06:04:2014,columbiangreencoffeebean,http://click2hit.com/columbiangreencoffeebean,726,742,-16
06:04:2014,combogiaplus,http://click2hit.com/combogiaplus,329,329,0
06:04:2014,completecoffeecleanse,http://click2hit.com/completecoffeecleanse,394,395,-1
06:04:2014,complexiderm,http://click2hit.com/complexiderm,187,187,0
06:04:2014,cosimarevival,http://click2hit.com/cosimarevival,182,182,0
06:04:2014,cosmitone,http://click2hit.com/cosmitone,1331,1331,0
06:04:2014,csorex,http://click2hit.com/csorex,107,107,0
06:04:2014,curcovia,http://click2hit.com/curcovia,424,425,-1
06:04:2014,cutiecurves,http://click2hit.com/cutiecurves,246,246,0
06:04:2014,cytotrim,http://click2hit.com/cytotrim,2,2,0
06:04:2014,dailyeyerestoration,http://click2hit.com/dailyeyerestoration,141,142,-1
06:04:2014,dellure,http://click2hit.com/dellure,116,118,-2
06:04:2014,dellurecollagen,http://click2hit.com/dellurecollagen,569,570,-1
06:04:2014,dermafirm,http://click2hit.com/dermafirm,758,759,-1
06:04:2014,dermajuvenate,http://click2hit.com/dermajuvenate,2300,2309,-9
06:04:2014,dermalift,http://click2hit.com/dermalift,235,235,0
06:04:2014,dermallo,http://click2hit.com/dermallo,269,269,0
06:04:2014,dermalmeds,http://click2hit.com/dermalmeds,444,444,0
06:04:2014,dermangelie,http://click2hit.com/dermangelie,154,155,-1
06:04:2014,derminelift,http://click2hit.com/derminelift,403,403,0
06:04:2014,dermology,http://click2hit.com/dermology,42,42,0
06:04:2014,detoxmax,http://click2hit.com/detoxmax,52,53,-1
06:04:2014,dietultimo,http://click2hit.com/dietultimo,2500,2510,-10
06:04:2014,digestItcoloncleanse,http://click2hit.com/digestItcoloncleanse,60,61,-1
06:04:2014,duplicellp199,http://click2hit.com/duplicellp199,32,35,-3
06:04:2014,duplicellp199facetherapy,http://click2hit.com/duplicellp199facetherapy,33,35,-2
06:04:2014,ecoflex,http://click2hit.com/ecoflex,126,126,0
06:04:2014,electravx,http://click2hit.com/electravx,179,179,0
06:04:2014,elevategf,http://click2hit.com/elevategf,265,266,-1
06:04:2014,elite360,http://click2hit.com/elite360,68,68,0
06:04:2014,elliskin,http://click2hit.com/elliskin,500,503,-3
06:04:2014,endorev,http://click2hit.com/endorev,459,461,-2
06:04:2014,ephedrix,http://click2hit.com/ephedrix,227,227,0
06:04:2014,equivita,http://click2hit.com/equivita,7713,7762,-49
06:04:2014,essentialdetox,http://click2hit.com/essentialdetox,427,427,0
06:04:2014,extagen,http://click2hit.com/extagen,315,332,-17
06:04:2014,extremefx,http://click2hit.com/extremefx,340,340,0
06:04:2014,eyeluminous,http://click2hit.com/eyeluminous,567,587,-20
06:04:2014,fembalance,http://click2hit.com/fembalance,361,362,-1
06:04:2014,firmativ,http://click2hit.com/firmativ,743,775,-32
06:04:2014,flawlessbeauty,http://click2hit.com/flawlessbeauty,97,101,-4
06:04:2014,flexwell,http://click2hit.com/flexwell,102,102,0
06:04:2014,forceeffect,http://click2hit.com/forceeffect,143,187,-44
06:04:2014,formularezvmagic,http://click2hit.com/formularezvmagic,231,231,0
06:04:2014,fortdietmax,http://click2hit.com/fortdietmax,79,80,-1
06:04:2014,fortmaxdiet,http://click2hit.com/fortmaxdiet,72,72,0
06:04:2014,garciniaberrythin,http://click2hit.com/garciniaberrythin,477,477,0
06:04:2014,garciniacambogia1300,http://click2hit.com/garciniacambogia1300,658,659,-1
06:04:2014,garciniacambogia360,http://click2hit.com/garciniacambogia360,12,13,-1
06:04:2014,garciniacambogia500,http://click2hit.com/garciniacambogia500,2,3,-1
06:04:2014,garciniacambogiablast,http://click2hit.com/garciniacambogiablast,724,731,-7
06:04:2014,garciniacambogiaburn,http://click2hit.com/garciniacambogiaburn,93,93,0
06:04:2014,garciniacambogiacomplex,http://click2hit.com/garciniacambogiacomplex,327,329,-2
06:04:2014,garciniacambogiaextract,http://click2hit.com/garciniacambogiaextract,47,48,-1
06:04:2014,garciniacambogiafit1300,http://click2hit.com/garciniacambogiafit1300,126,128,-2
06:04:2014,garciniacambogiaformula,http://click2hit.com/garciniacambogiaformula,28,30,-2
06:04:2014,garciniacambogiahca,http://click2hit.com/garciniacambogiahca,2,3,-1
06:04:2014,garciniacambogiaplus,http://click2hit.com/garciniacambogiaplus,1133,1133,0
06:04:2014,garciniacambogiapro,http://click2hit.com/garciniacambogiapro,16,16,0
06:04:2014,garciniacambogiaselect,http://click2hit.com/garciniacambogiaselect,486,489,-3
06:04:2014,garciniacambogiaslimfast,http://click2hit.com/garciniacambogiaslimfast,1780,1786,-6
06:04:2014,garciniacambogiaslimsystem,http://click2hit.com/garciniacambogiaslimsystem,1095,1100,-5
06:04:2014,garciniacambogiaxt,http://click2hit.com/garciniacambogiaxt,144,151,-7
06:04:2014,garciniacambogiaz,http://click2hit.com/garciniacambogiaz,1,1,0
06:04:2014,garciniacombogiasupreme,http://click2hit.com/garciniacombogiasupreme,22,23,-1
06:04:2014,garciniadietmax,http://click2hit.com/garciniadietmax,321,322,-1
06:04:2014,garciniaextractplus,http://click2hit.com/garciniaextractplus,231,231,0
06:04:2014,garciniaforte,http://click2hit.com/garciniaforte,2,4,-2
06:04:2014,garciniahca,http://click2hit.com/garciniahca,139,139,0
06:04:2014,garciniahcapremium,http://click2hit.com/garciniahcapremium,94,96,-2
06:04:2014,garciniaplus,http://click2hit.com/garciniaplus,1963,1972,-9
06:04:2014,garciniasuperdiet,http://click2hit.com/garciniasuperdiet,172,172,0
06:04:2014,garciniawonder,http://click2hit.com/garciniawonder,803,804,-1
06:04:2014,garciniawow,http://click2hit.com/garciniawow,72,85,-13
06:04:2014,garciniaxslim,http://click2hit.com/garciniaxslim,478,506,-28
06:04:2014,gc180xt,http://click2hit.com/gc180xt,545,550,-5
06:04:2014,gcbmaxgreencoffee,http://click2hit.com/gcbmaxgreencoffee,341,342,-1
06:04:2014,gcfitsgarcinia,http://click2hit.com/gcfitsgarcinia,5,5,0
06:04:2014,gcxsdiet,http://click2hit.com/gcxsdiet,36,36,0
06:04:2014,genesis,http://click2hit.com/genesis,42,42,0
06:04:2014,gogiberryburn,http://click2hit.com/gogiberryburn,14,19,-5
06:04:2014,gojiactives,http://click2hit.com/gojiactives,1467,1478,-11
06:04:2014,gojiadvance,http://click2hit.com/gojiadvance,381,381,0
06:04:2014,gojimax,http://click2hit.com/gojimax,236,239,-3
06:04:2014,gojislim,http://click2hit.com/gojislim,20153,20169,-16
06:04:2014,govapor,http://click2hit.com/govapor,87,94,-7
06:04:2014,greencoffeebeanthin,http://click2hit.com/greencoffeebeanthin,281,282,-1
06:04:2014,greencoffeebody,http://click2hit.com/greencoffeebody,415,415,0
06:04:2014,greencoffeecleanse,http://click2hit.com/greencoffeecleanse,17,17,0
06:04:2014,greencoffeecleanse1,http://click2hit.com/greencoffeecleanse1,26,26,0
06:04:2014,greencoffeecleanses,http://click2hit.com/greencoffeecleanses,738,772,-34
06:04:2014,greencoffeeextraslim,http://click2hit.com/greencoffeeextraslim,272,272,0
06:04:2014,greencoffeefatburn,http://click2hit.com/greencoffeefatburn,1561,1563,-2
06:04:2014,greencoffeenaxx,http://click2hit.com/greencoffeenaxx,194,194,0
06:04:2014,greencoffeeplus,http://click2hit.com/greencoffeeplus,100,101,-1
06:04:2014,greencoffeeprogram,http://click2hit.com/greencoffeeprogram,54,54,0
06:04:2014,greencoffeerevolution,http://click2hit.com/greencoffeerevolution,24,24,0
06:04:2014,greencoffeespeedslim,http://click2hit.com/greencoffeespeedslim,1291,1334,-43
06:04:2014,greencoffeesupreme,http://click2hit.com/greencoffeesupreme,345,345,0
06:04:2014,greencoffeesupremecleanse,http://click2hit.com/greencoffeesupremecleanse,116,117,-1
06:04:2014,greendetoxpatch,http://click2hit.com/greendetoxpatch,283,283,0
06:04:2014,greenleancoffeebean,http://click2hit.com/greenleancoffeebean,206,206,0
06:04:2014,greentonepromuscle,http://click2hit.com/greentonepromuscle,213,213,0
06:04:2014,growxl,http://click2hit.com/growxl,2699,2710,-11
06:04:2014,hairgenesis,http://click2hit.com/hairgenesis,79,79,0
06:04:2014,hardknight,http://click2hit.com/hardknight,1424,1433,-9
06:04:2014,hardknight-1,http://click2hit.com/hardknight-1,80,82,-2
06:04:2014,hawaiislim,http://click2hit.com/hawaiislim,137,140,-3
06:04:2014,healthycleanse,http://click2hit.com/healthycleanse,511,512,-1
06:04:2014,heboost,http://click2hit.com/heboost,234,235,-1
06:04:2014,hghfuel,http://click2hit.com/hghfuel,23,23,0
06:04:2014,hghpro,http://click2hit.com/hghpro,9,11,-2
06:04:2014,hghxl,http://click2hit.com/hghxl,135,135,0
06:04:2014,hight,http://click2hit.com/hight,324,324,0
06:04:2014,hspactives,http://click2hit.com/hspactives,2151,2154,-3
06:04:2014,htrush,http://click2hit.com/htrush,297,300,-3
06:04:2014,hydradiance,http://click2hit.com/hydradiance,513,514,-1
06:04:2014,hydrafirm,http://click2hit.com/hydrafirm,252,253,-1
06:04:2014,hydravella,http://click2hit.com/hydravella,225,226,-1
06:04:2014,hydroface,http://click2hit.com/hydroface,618,618,0
06:04:2014,hydroxatone90,http://click2hit.com/hydroxatone90,322,322,0
06:04:2014,hydroxatonebbcream,http://click2hit.com/hydroxatonebbcream,72,72,0
06:04:2014,idolize,http://click2hit.com/idolize,102,110,-8
06:04:2014,instaleanketones,http://click2hit.com/instaleanketones,695,695,0
06:04:2014,instantderma,http://click2hit.com/instantderma,185,185,0
06:04:2014,instantlift,http://click2hit.com/instantlift,471,471,0
06:04:2014,juvalife,http://click2hit.com/juvalife,88,88,0
06:04:2014,juvamend,http://click2hit.com/juvamend,0,0,0
06:04:2014,juvesiio,http://click2hit.com/juvesiio,56,56,0
06:04:2014,ketoneadvanced,http://click2hit.com/ketoneadvanced,79,87,-8
06:04:2014,ketonepremium,http://click2hit.com/ketonepremium,529,529,0
06:04:2014,kollagen,http://click2hit.com/kollagen,78,78,0
06:04:2014,l-carnitineplus,http://click2hit.com/l-carnitineplus,145,145,0
06:04:2014,ladermanique,http://click2hit.com/ladermanique,1718,1720,-2
06:04:2014,larginineplus,http://click2hit.com/larginineplus,30,30,0
06:04:2014,leanmusclex,http://click2hit.com/leanmusclex,5,6,-1
06:04:2014,leptizin,http://click2hit.com/leptizin,103,103,0
06:04:2014,lifecell,http://click2hit.com/lifecell,140,140,0
06:04:2014,liftandglowpro,http://click2hit.com/liftandglowpro,36,36,0
06:04:2014,liftderma,http://click2hit.com/liftderma,756,758,-2
06:04:2014,liftserumpro,http://click2hit.com/liftserumpro,53,53,0
06:04:2014,liftvapor,http://click2hit.com/liftvapor,894,894,0
06:04:2014,lipo13,http://click2hit.com/lipo13,841,890,-49
06:04:2014,lipog3,http://click2hit.com/lipog3,320,380,-60
06:04:2014,liposlim,http://click2hit.com/liposlim,209,211,-2
06:04:2014,lisocleanse,http://click2hit.com/lisocleanse,75,109,-34
06:04:2014,lorelia,http://click2hit.com/lorelia,2075,2095,-20
06:04:2014,lumeraeyeserum,http://click2hit.com/lumeraeyeserum,2214,2226,-12
06:04:2014,luminant,http://click2hit.com/luminant,396,396,0
06:04:2014,luminantskin,http://click2hit.com/luminantskin,411,411,0
06:04:2014,luminique,http://click2hit.com/luminique,83,83,0
06:04:2014,luministeyegel,http://click2hit.com/luministeyegel,209,209,0
06:04:2014,lunarsleep,http://click2hit.com/lunarsleep,256,265,-9
06:04:2014,lunathin,http://click2hit.com/lunathin,142,142,0
06:04:2014,lxwpro-t,http://click2hit.com/lxwpro-t,19,22,-3
06:04:2014,lysocleanse,http://click2hit.com/lysocleanse,756,764,-8
06:04:2014,massivevitality,http://click2hit.com/massivevitality,28,28,0
06:04:2014,masspmnight,http://click2hit.com/masspmnight,38,38,0
06:04:2014,maxburncambogia,http://click2hit.com/maxburncambogia,6891,6900,-9
06:04:2014,maxcleanse,http://click2hit.com/maxcleanse,272,273,-1
06:04:2014,maxdetox,http://click2hit.com/maxdetox,376,376,0
06:04:2014,maxgarciniaburn,http://click2hit.com/maxgarciniaburn,258,260,-2
06:04:2014,maxleanx,http://click2hit.com/maxleanx,279,279,0
06:04:2014,maxlight,http://click2hit.com/maxlight,9,11,-2
06:04:2014,maxmuscleblast,http://click2hit.com/maxmuscleblast,34,35,-1
06:04:2014,maxmusclelean,http://click2hit.com/maxmusclelean,47,47,0
06:04:2014,maxtrimraspberryketone,http://click2hit.com/maxtrimraspberryketone,107,107,0
06:04:2014,maxxmale,http://click2hit.com/maxxmale,183,183,0
06:04:2014,maxxtest300,http://click2hit.com/maxxtest300,23,25,-2
06:04:2014,miraclegarciniacambogia1300,http://click2hit.com/miraclegarciniacambogia1300,50,50,0
06:04:2014,miraclegarciniacambogiarx,http://click2hit.com/miraclegarciniacambogiarx,57,57,0
06:04:2014,miraclephytoceramides,http://click2hit.com/miraclephytoceramides,2142,2162,-20
06:04:2014,miracleraspberryketone,http://click2hit.com/miracleraspberryketone,24,26,-2
06:04:2014,mitoslim,http://click2hit.com/mitoslim,749,749,0
06:04:2014,mizulean,http://click2hit.com/mizulean,245,245,0
06:04:2014,musclecorex,http://click2hit.com/musclecorex,514,514,0
06:04:2014,muscleforcex,http://click2hit.com/muscleforcex,89,89,0
06:04:2014,musclekingpro,http://click2hit.com/musclekingpro,302,303,-1
06:04:2014,musclemax,http://click2hit.com/musclemax,226,227,-1
06:04:2014,muscleripx,http://click2hit.com/muscleripx,204,211,-7
06:04:2014,musclexedge,http://click2hit.com/musclexedge,525,525,0
06:04:2014,musclexpro,http://click2hit.com/musclexpro,93,96,-3
06:04:2014,musclezx90,http://click2hit.com/musclezx90,2901,2905,-4
06:04:2014,naturalburn,http://click2hit.com/naturalburn,258,258,0
06:04:2014,naturalcleanse,http://click2hit.com/naturalcleanse,812,812,0
06:04:2014,naturalcoloncleanseelite,http://click2hit.com/naturalcoloncleanseelite,318,318,0
06:04:2014,naturaldiet,http://click2hit.com/naturaldiet,146,146,0
06:04:2014,naturalgarciniacambogiaburn,http://click2hit.com/naturalgarciniacambogiaburn,236,236,0
06:04:2014,naturalgreencleanse,http://click2hit.com/naturalgreencleanse,545,547,-2
06:04:2014,naturalgreencoffeeburn,http://click2hit.com/naturalgreencoffeeburn,423,423,0
06:04:2014,naturalpluscleanse,http://click2hit.com/naturalpluscleanse,127,129,-2
06:04:2014,naturalpurecleanse,http://click2hit.com/naturalpurecleanse,393,393,0
06:04:2014,neucleanseultimate,http://click2hit.com/neucleanseultimate,426,430,-4
06:04:2014,neugarciniacambogia,http://click2hit.com/neugarciniacambogia,14,15,-1
06:04:2014,neuropathysupportformula,http://click2hit.com/neuropathysupportformula,244,246,-2
06:04:2014,newagecleanse,http://click2hit.com/newagecleanse,329,329,0
06:04:2014,newlifecleanse,http://click2hit.com/newlifecleanse,154,156,-2
06:04:2014,nidora,http://click2hit.com/nidora,505,512,-7
06:04:2014,nitricmaxmuscle,http://click2hit.com/nitricmaxmuscle,317,319,-2
06:04:2014,nitricmaxmuscle1,http://click2hit.com/nitricmaxmuscle1,60,62,-2
06:04:2014,nitricpower,http://click2hit.com/nitricpower,3,8,-5
06:04:2014,nitroxin,http://click2hit.com/nitroxin,30,30,0
06:04:2014,nitroxl,http://click2hit.com/nitroxl,282,282,0
06:04:2014,nitroxpro,http://click2hit.com/nitroxpro,6363,6459,-96
06:04:2014,no2explodeextreme,http://click2hit.com/no2explodeextreme,1488,1492,-4
06:04:2014,no2factor,http://click2hit.com/no2factor,330,330,0
06:04:2014,no2maximus,http://click2hit.com/no2maximus,2355,2372,-17
06:04:2014,no2surge,http://click2hit.com/no2surge,207,233,-26
06:04:2014,nuetrim,http://click2hit.com/nuetrim,429,429,0
06:04:2014,nutraburn10,http://click2hit.com/nutraburn10,95,95,0
06:04:2014,nutranaturalgarciniacambogia,http://click2hit.com/nutranaturalgarciniacambogia,115,115,0
06:04:2014,nutridiet,http://click2hit.com/nutridiet,974,992,-18
06:04:2014,nuvagenic,http://click2hit.com/nuvagenic,197,197,0
06:04:2014,nuvie,http://click2hit.com/nuvie,155,157,-2
06:04:2014,nuvocleanse,http://click2hit.com/nuvocleanse,591,591,0
06:04:2014,nuvoslim,http://click2hit.com/nuvoslim,357,392,-35
06:04:2014,onemoment,http://click2hit.com/onemoment,104,128,-24
06:04:2014,optimalstack,http://click2hit.com/optimalstack,461,463,-2
06:04:2014,organiccleanse,http://click2hit.com/organiccleanse,3,3,0
06:04:2014,organiccleansedetox,http://click2hit.com/organiccleansedetox,54,58,-4
06:04:2014,organicgarciniacambogia,http://click2hit.com/organicgarciniacambogia,195,195,0
06:04:2014,originalgarciniacambogia,http://click2hit.com/originalgarciniacambogia,47,48,-1
06:04:2014,originalyaconextract,http://click2hit.com/originalyaconextract,151,152,-1
06:04:2014,originalyaconsyrup,http://click2hit.com/originalyaconsyrup,56,56,0
06:04:2014,orvigomax,http://click2hit.com/orvigomax,43,50,-7
06:04:2014,ourgreencleanse,http://click2hit.com/ourgreencleanse,145,147,-2
06:04:2014,oxygenius,http://click2hit.com/oxygenius,1332,1340,-8
06:04:2014,pelevoni,http://click2hit.com/pelevoni,318,320,-2
06:04:2014,platinumgarciniacambogia,http://click2hit.com/platinumgarciniacambogia,355,355,0
06:04:2014,poshcream,http://click2hit.com/poshcream,24,24,0
06:04:2014,powermax,http://click2hit.com/powermax,7,8,-1
06:04:2014,powerprecision,http://click2hit.com/powerprecision,113,118,-5
06:04:2014,poweruphealthgarcinia,http://click2hit.com/poweruphealthgarcinia,111,124,-13
06:04:2014,premiermangocleanse,http://click2hit.com/premiermangocleanse,204,204,0
06:04:2014,premiumgarciniacambogiaslim,http://click2hit.com/premiumgarciniacambogiaslim,73,98,-25
06:04:2014,premiumgreencoffeebean,http://click2hit.com/premiumgreencoffeebean,207,207,0
06:04:2014,procollagen,http://click2hit.com/procollagen,266,266,0
06:04:2014,procoloncleanse,http://click2hit.com/procoloncleanse,167,168,-1
06:04:2014,prodermagenix,http://click2hit.com/prodermagenix,185,187,-2
06:04:2014,prodermagenixplus,http://click2hit.com/prodermagenixplus,256,257,-1
06:04:2014,progain350,http://click2hit.com/progain350,3,3,0
06:04:2014,prolong,http://click2hit.com/prolong,562,592,-30
06:04:2014,prolongz,http://click2hit.com/prolongz,437,438,-1
06:04:2014,promusclecomplex,http://click2hit.com/promusclecomplex,536,539,-3
06:04:2014,pronutragarcinia,http://click2hit.com/pronutragarcinia,53,54,-1
06:04:2014,protrim,http://click2hit.com/protrim,1046,1046,0
06:04:2014,purafit,http://click2hit.com/purafit,364,364,0
06:04:2014,puragreencoffee,http://click2hit.com/puragreencoffee,287,287,0
06:04:2014,pureberrymax,http://click2hit.com/pureberrymax,267,268,-1
06:04:2014,purebiodiet,http://click2hit.com/purebiodiet,643,648,-5
06:04:2014,purecambogiaultra,http://click2hit.com/purecambogiaultra,184,190,-6
06:04:2014,purecambogiaultra-1,http://click2hit.com/purecambogiaultra-1,583,591,-8
06:04:2014,purecambogiaultra2,http://click2hit.com/purecambogiaultra2,172,172,0
06:04:2014,purecleanse,http://click2hit.com/purecleanse,499,500,-1
06:04:2014,purecleansemax,http://click2hit.com/purecleansemax,234,235,-1
06:04:2014,purecolocleanse,http://click2hit.com/purecolocleanse,265,265,0
06:04:2014,purecoloncleanser,http://click2hit.com/purecoloncleanser,1546,1548,-2
06:04:2014,puregarciniacambogia,http://click2hit.com/puregarciniacambogia,195,195,0
06:04:2014,puregarciniacambogia-1,http://click2hit.com/puregarciniacambogia-1,7548,7618,-70
06:04:2014,puregarciniacambogiaburn,http://click2hit.com/puregarciniacambogiaburn,2324,2326,-2
06:04:2014,puregarciniacambogiaplus,http://click2hit.com/puregarciniacambogiaplus,372,373,-1
06:04:2014,puregarciniacambogiapremium,http://click2hit.com/puregarciniacambogiapremium,1217,1219,-2
06:04:2014,puregarciniacambogiaslim,http://click2hit.com/puregarciniacambogiaslim,891,891,0
06:04:2014,puregarciniacambogiaslimsystem,http://click2hit.com/puregarciniacambogiaslimsystem,252,252,0
06:04:2014,puregarciniacanada,http://click2hit.com/puregarciniacanada,54,54,0
06:04:2014,puregarciniaelite,http://click2hit.com/puregarciniaelite,31,31,0
06:04:2014,puregarciniaslim,http://click2hit.com/puregarciniaslim,343,173,170
06:04:2014,puregarciniaultra,http://click2hit.com/puregarciniaultra,518,520,-2
06:04:2014,puregarciniaultra-1,http://click2hit.com/puregarciniaultra-1,134,134,0
06:04:2014,puregreencoffee,http://click2hit.com/puregreencoffee,419,420,-1
06:04:2014,puregreencoffeebeanplus,http://click2hit.com/puregreencoffeebeanplus,5,12,-7
06:04:2014,purelifecleanse1,http://click2hit.com/purelifecleanse1,244,305,-61
06:04:2014,purenitrate,http://click2hit.com/purenitrate,68,79,-11
06:04:2014,purenitromax,http://click2hit.com/purenitromax,489,490,-1
06:04:2014,purensa,http://click2hit.com/purensa,1643,1655,-12
06:04:2014,pureraspberryketonepremium,http://click2hit.com/pureraspberryketonepremium,232,234,-2
06:04:2014,puressance,http://click2hit.com/puressance,124,124,0
06:04:2014,purestgarciniacambogia,http://click2hit.com/purestgarciniacambogia,19,19,0
06:04:2014,pureyaconsyrupextract,http://click2hit.com/pureyaconsyrupextract,254,255,-1
06:04:2014,pureyaconsyrupplus,http://click2hit.com/pureyaconsyrupplus,142,146,-4
06:04:2014,pureyaconxt,http://click2hit.com/pureyaconxt,72,72,0
06:04:2014,px800greencoffee,http://click2hit.com/px800greencoffee,56,56,0
06:04:2014,quickgreencoffee,http://click2hit.com/quickgreencoffee,393,394,-1
06:04:2014,raspberryketonefresh,http://click2hit.com/raspberryketonefresh,1058,1061,-3
06:04:2014,raspberryketoneproslim,http://click2hit.com/raspberryketoneproslim,301,304,-3
06:04:2014,raspberryketones,http://click2hit.com/raspberryketones,314,321,-7
06:04:2014,raspberryslimplus,http://click2hit.com/raspberryslimplus,178,178,0
06:04:2014,raspberrytones,http://click2hit.com/raspberrytones,358,359,-1
06:04:2014,raspberrytrim,http://click2hit.com/raspberrytrim,148,148,0
06:04:2014,raspberryultraketone,http://click2hit.com/raspberryultraketone,196,198,-2
06:04:2014,rawburn,http://click2hit.com/rawburn,145,145,0
06:04:2014,regularx,http://click2hit.com/regularx,85,91,-6
06:04:2014,rejouvance,http://click2hit.com/rejouvance,478,480,-2
06:04:2014,rejuvaglow,http://click2hit.com/rejuvaglow,65,65,0
06:04:2014,rejuvalash,http://click2hit.com/rejuvalash,253,254,-1
06:04:2014,rejuvalskin,http://click2hit.com/rejuvalskin,19,24,-5
06:04:2014,rejuvenex,http://click2hit.com/rejuvenex,351,352,-1
06:04:2014,reliftadvanced,http://click2hit.com/reliftadvanced,266,267,-1
06:04:2014,renique,http://click2hit.com/renique,642,654,-12
06:04:2014,restore,http://click2hit.com/restore,82,82,0
06:04:2014,revitol,http://click2hit.com/revitol,61,62,-1
06:04:2014,revivagenix,http://click2hit.com/revivagenix,227,227,0
06:04:2014,revivasol,http://click2hit.com/revivasol,2232,2237,-5
06:04:2014,revolyn,http://click2hit.com/revolyn,213,213,0
06:04:2014,revoreplex,http://click2hit.com/revoreplex,3,206,-203
06:04:2014,rippedmusclex,http://click2hit.com/rippedmusclex,12,12,0
06:04:2014,rvtl,http://click2hit.com/rvtl,1877,1884,-7
06:04:2014,saphireecig,http://click2hit.com/saphireecig,588,590,-2
06:04:2014,secretbodybulk,http://click2hit.com/secretbodybulk,305,306,-1
06:04:2014,secretgarciniacambogia,http://click2hit.com/secretgarciniacambogia,249,249,0
06:04:2014,secretlift,http://click2hit.com/secretlift,4,6,-2
06:04:2014,sensa,http://click2hit.com/sensa,131,131,0
06:04:2014,simplycleanse,http://click2hit.com/simplycleanse,233,233,0
06:04:2014,simplygarciniacambogia,http://click2hit.com/simplygarciniacambogia,429,429,0
06:04:2014,simplygreencoffee,http://click2hit.com/simplygreencoffee,324,326,-2
06:04:2014,skinliftadvanced,http://click2hit.com/skinliftadvanced,221,221,0
06:04:2014,skinnyfiber,http://click2hit.com/skinnyfiber,397,397,0
06:04:2014,slendera-1,http://click2hit.com/slendera-1,39,39,0
06:04:2014,slendera-sab,http://click2hit.com/slendera-sab,67,68,-1
06:04:2014,slimberrymax,http://click2hit.com/slimberrymax,254,255,-1
06:04:2014,slimbodycleanse,http://click2hit.com/slimbodycleanse,3086,3095,-9
06:04:2014,slimbodyketones,http://click2hit.com/slimbodyketones,102,110,-8
06:04:2014,slimcleanseplus,http://click2hit.com/slimcleanseplus,109,109,0
06:04:2014,slimlean,http://click2hit.com/slimlean,1033,1034,-1
06:04:2014,slimnogym,http://click2hit.com/slimnogym,222,222,0
06:04:2014,slimtrimpm,http://click2hit.com/slimtrimpm,20,31,-11
06:04:2014,smileprodirect,http://click2hit.com/smileprodirect,2887,2894,-7
06:04:2014,solpria,http://click2hit.com/solpria,1079,1080,-1
06:04:2014,sparkwhitening,http://click2hit.com/sparkwhitening,1602,1602,0
06:04:2014,strawberrygarciniacambogia,http://click2hit.com/strawberrygarciniacambogia,429,432,-3
06:04:2014,superbetaprostate,http://click2hit.com/superbetaprostate,152,152,0
06:04:2014,supercoloncleanse1800,http://click2hit.com/supercoloncleanse1800,288,288,0
06:04:2014,supergarciniacambogia,http://click2hit.com/supergarciniacambogia,968,975,-7
06:04:2014,superiorvelvet,http://click2hit.com/superiorvelvet,449,456,-7
06:04:2014,superketoneplus,http://click2hit.com/superketoneplus,3968,3992,-24
06:04:2014,superlean,http://click2hit.com/superlean,200,200,0
06:04:2014,superleancoloncleanse,http://click2hit.com/superleancoloncleanse,1317,1322,-5
06:04:2014,supertestoboost,http://click2hit.com/supertestoboost,129,130,-1
06:04:2014,superyaconsyrup1000,http://click2hit.com/superyaconsyrup1000,23,23,0
06:04:2014,supracleanse350,http://click2hit.com/supracleanse350,564,588,-24
06:04:2014,supremeantler,http://click2hit.com/supremeantler,128,128,0
06:04:2014,svelme,http://click2hit.com/svelme,46,46,0
06:04:2014,swolecreatinemuscle,http://click2hit.com/swolecreatinemuscle,186,186,0
06:04:2014,syneocell,http://click2hit.com/syneocell,188,188,0
06:04:2014,tadvance,http://click2hit.com/tadvance,468,468,0
06:04:2014,testabolancyp,http://click2hit.com/testabolancyp,343,343,0
06:04:2014,testocoreadvanced,http://click2hit.com/testocoreadvanced,253,258,-5
06:04:2014,testoforceedge,http://click2hit.com/testoforceedge,477,477,0
06:04:2014,testoforcex,http://click2hit.com/testoforcex,293,293,0
06:04:2014,testolimit,http://click2hit.com/testolimit,34,38,-4
06:04:2014,testomax,http://click2hit.com/testomax,274,274,0
06:04:2014,testoril,http://click2hit.com/testoril,521,522,-1
06:04:2014,testorushrx,http://click2hit.com/testorushrx,380,393,-13
06:04:2014,testoupmax,http://click2hit.com/testoupmax,76,88,-12
06:04:2014,testrx360,http://click2hit.com/testrx360,331,333,-2
06:04:2014,testtoforcextreme,http://click2hit.com/testtoforcextreme,384,386,-2
06:04:2014,testx180,http://click2hit.com/testx180,1382,1388,-6
06:04:2014,thermoblackx,http://click2hit.com/thermoblackx,138,138,0
06:04:2014,thermoextreme1,http://click2hit.com/thermoextreme1,569,569,0
06:04:2014,thermofactorx,http://click2hit.com/thermofactorx,814,814,0
06:04:2014,thermosculptpro,http://click2hit.com/thermosculptpro,319,319,0
06:04:2014,titaniumprox,http://click2hit.com/titaniumprox,783,786,-3
06:04:2014,tlevelboost,http://click2hit.com/tlevelboost,63,63,0
06:04:2014,tonaderm,http://click2hit.com/tonaderm,199,199,0
06:04:2014,totalcleansecomplete,http://click2hit.com/totalcleansecomplete,341,350,-9
06:04:2014,trigx2,http://click2hit.com/trigx2,328,329,-1
06:04:2014,trimextrin,http://click2hit.com/trimextrin,172,172,0
06:04:2014,truburnplus,http://click2hit.com/truburnplus,27,27,0
06:04:2014,truecleansecomplete,http://click2hit.com/truecleansecomplete,133,147,-14
06:04:2014,turbofrce,http://click2hit.com/turbofrce,417,419,-2
06:04:2014,ultracelebdiet,http://click2hit.com/ultracelebdiet,356,358,-2
06:04:2014,ultracleansepure,http://click2hit.com/ultracleansepure,363,381,-18
06:04:2014,ultracoloncleanse,http://click2hit.com/ultracoloncleanse,41,44,-3
06:04:2014,ultrafinesse,http://click2hit.com/ultrafinesse,81,83,-2
06:04:2014,ultragarciniacambogia,http://click2hit.com/ultragarciniacambogia,46,46,0
06:04:2014,ultramaxtestosterone,http://click2hit.com/ultramaxtestosterone,226,226,0
06:04:2014,ultraslim,http://click2hit.com/ultraslim,187,188,-1
06:04:2014,umoris,http://click2hit.com/umoris,394,397,-3
06:04:2014,vantage,http://click2hit.com/vantage,3,4,-1
06:04:2014,vapexecig,http://click2hit.com/vapexecig,337,338,-1
06:04:2014,vimaxdetox,http://click2hit.com/vimaxdetox,877,881,-4
06:04:2014,virilityex,http://click2hit.com/virilityex,202,202,0
06:04:2014,vitaberryburn,http://click2hit.com/vitaberryburn,371,371,0
06:04:2014,vitaberrytrim,http://click2hit.com/vitaberrytrim,1795,1801,-6
06:04:2014,vitacleanse,http://click2hit.com/vitacleanse,4418,4448,-30
06:04:2014,vitaketone,http://click2hit.com/vitaketone,924,929,-5
06:04:2014,vitalcleanse,http://click2hit.com/vitalcleanse,181,181,0
06:04:2014,vitalcleansecomplete,http://click2hit.com/vitalcleansecomplete,742,748,-6
06:04:2014,vitalifedetox,http://click2hit.com/vitalifedetox,735,736,-1
06:04:2014,vitalikortest,http://click2hit.com/vitalikortest,592,592,0
06:04:2014,vitalipo,http://click2hit.com/vitalipo,119,120,-1
06:04:2014,vitalitygreencoffee,http://click2hit.com/vitalitygreencoffee,197,197,0
06:04:2014,vitamaxgarciniacambogia,http://click2hit.com/vitamaxgarciniacambogia,1746,1753,-7
06:04:2014,vyalis,http://click2hit.com/vyalis,232,232,0
06:04:2014,wrinklerewind,http://click2hit.com/wrinklerewind,5646,5655,-9
06:04:2014,xmrecovery,http://click2hit.com/xmrecovery,141,142,-1
06:04:2014,xtremegarciniacambogia,http://click2hit.com/xtremegarciniacambogia,482,483,-1
06:04:2014,xtremenitro,http://click2hit.com/xtremenitro,18,14,4
06:04:2014,xtremetestosteronebooster,http://click2hit.com/xtremetestosteronebooster,360,363,-3
06:04:2014,yaconmolasses,http://click2hit.com/yaconmolasses,80,80,0
06:04:2014,yaconrootmax,http://click2hit.com/yaconrootmax,946,1021,-75
06:04:2014,yaconsyrupdirect,http://click2hit.com/yaconsyrupdirect,213,213,0
06:04:2014,yolosleep,http://click2hit.com/yolosleep,212,213,-1
06:04:2014,youthkitantiaging,http://click2hit.com/youthkitantiaging,194,196,-2
06:04:2014,zenacose,http://click2hit.com/zenacose,161,161,0
06:04:2014,zenscleanse,http://click2hit.com/zenscleanse,2601,2601,0
06:04:2014,zinncollection,http://click2hit.com/zinncollection,177,178,-1
06:04:2014,zolyria,http://click2hit.com/zolyria,480,480,0
06:04:2014,zyloslim,http://click2hit.com/zyloslim,3731,3742,-11
06:04:2014,zymbiotix,http://click2hit.com/zymbiotix,1213,1238,-25
