dt_today,sitetitle,sitelink,pre_click,new_clicks,difrnce
10:04:2014,5stargarciniacambogia,http://click2hit.com/5stargarciniacambogia,87,87,0
10:04:2014,Adrenalast,http://click2hit.com/Adrenalast,548,548,0
10:04:2014,Anataflex,http://click2hit.com/Anataflex,1298,1302,-4
10:04:2014,Diabetix,http://click2hit.com/Diabetix,725,725,0
10:04:2014,Equinox,http://click2hit.com/Equinox,8685,8758,-73
10:04:2014,LuxeCoat,http://click2hit.com/LuxeCoat,414,415,-1
10:04:2014,NOX360,http://click2hit.com/NOX360,53,53,0
10:04:2014,Prescopodene,http://click2hit.com/Prescopodene,1357,1357,0
10:04:2014,Puregarciniaslim,http://click2hit.com/Puregarciniaslim,173,345,-172
10:04:2014,RevoReplex,http://click2hit.com/RevoReplex,207,4,203
10:04:2014,absoluteraspberryketone,http://click2hit.com/absoluteraspberryketone,9,10,-1
10:04:2014,acaiberrypuremax,http://click2hit.com/acaiberrypuremax,178,179,-1
10:04:2014,actionprowhite,http://click2hit.com/actionprowhite,137,150,-13
10:04:2014,activedetoxcleanse,http://click2hit.com/activedetoxcleanse,31,35,-4
10:04:2014,activeraspberryketone,http://click2hit.com/activeraspberryketone,112,132,-20
10:04:2014,advancedgarciniacambogia,http://click2hit.com/advancedgarciniacambogia,778,779,-1
10:04:2014,advancedpuregarcinia,http://click2hit.com/advancedpuregarcinia,553,553,0
10:04:2014,advancedtest,http://click2hit.com/advancedtest,572,572,0
10:04:2014,advancedtrimgreencoffee,http://click2hit.com/advancedtrimgreencoffee,1678,1685,-7
10:04:2014,africanmangopremier,http://click2hit.com/africanmangopremier,744,746,-2
10:04:2014,agelesshealthsolution,http://click2hit.com/agelesshealthsolution,124,127,-3
10:04:2014,alleureantiagingcream,http://click2hit.com/alleureantiagingcream,258,286,-28
10:04:2014,alleureeyeserum,http://click2hit.com/alleureeyeserum,309,329,-20
10:04:2014,aloeferoxcleanse,http://click2hit.com/aloeferoxcleanse,9,17,-8
10:04:2014,aloeveracleanse,http://click2hit.com/aloeveracleanse,653,654,-1
10:04:2014,alore,http://click2hit.com/alore,3942,3952,-10
10:04:2014,alphacuthd,http://click2hit.com/alphacuthd,53,60,-7
10:04:2014,alphagenix,http://click2hit.com/alphagenix,64,73,-9
10:04:2014,alphamale,http://click2hit.com/alphamale,198,200,-2
10:04:2014,alphamax1,http://click2hit.com/alphamax1,254,254,0
10:04:2014,amacari,http://click2hit.com/amacari,153,154,-1
10:04:2014,amazingcleanse,http://click2hit.com/amazingcleanse,2,2,0
10:04:2014,ambitrimrx,http://click2hit.com/ambitrimrx,775,776,-1
10:04:2014,amino,http://click2hit.com/amino,1271,1271,0
10:04:2014,andromale,http://click2hit.com/andromale,536,536,0
10:04:2014,anoradrol,http://click2hit.com/anoradrol,85,86,-1
10:04:2014,aussiegarciniacambogia,http://click2hit.com/aussiegarciniacambogia,161,166,-5
10:04:2014,authenticgarciniacambogia,http://click2hit.com/authenticgarciniacambogia,73,81,-8
10:04:2014,beaute,http://click2hit.com/beaute,648,649,-1
10:04:2014,bellaathome,http://click2hit.com/bellaathome,1763,1771,-8
10:04:2014,bellapure,http://click2hit.com/bellapure,1760,1783,-23
10:04:2014,bellecomplex,http://click2hit.com/bellecomplex,649,657,-8
10:04:2014,berryherbalcleanse,http://click2hit.com/berryherbalcleanse,572,572,0
10:04:2014,berrythingarciniacambogia,http://click2hit.com/berrythingarciniacambogia,540,540,0
10:04:2014,betaalalinemax,http://click2hit.com/betaalalinemax,570,570,0
10:04:2014,betaboost,http://click2hit.com/betaboost,108,108,0
10:04:2014,betaforce,http://click2hit.com/betaforce,655,655,0
10:04:2014,beyondraspberryketone,http://click2hit.com/beyondraspberryketone,2100,2101,-1
10:04:2014,biocareslimplus,http://click2hit.com/biocareslimplus,313,314,-1
10:04:2014,biocarexl,http://click2hit.com/biocarexl,327,327,0
10:04:2014,biogeniste,http://click2hit.com/biogeniste,449,449,0
10:04:2014,blackbullmaleenhancement,http://click2hit.com/blackbullmaleenhancement,1457,1458,-1
10:04:2014,blackdiamond,http://click2hit.com/blackdiamond,500,530,-30
10:04:2014,blacklineelite,http://click2hit.com/blacklineelite,1530,1553,-23
10:04:2014,blastxl,http://click2hit.com/blastxl,144,144,0
10:04:2014,blizzadwhite,http://click2hit.com/blizzadwhite,25,36,-11
10:04:2014,bluemagicplus,http://click2hit.com/bluemagicplus,871,877,-6
10:04:2014,bodyfuelxs,http://click2hit.com/bodyfuelxs,90,90,0
10:04:2014,brandnew,http://click2hit.com/brandnew,351,351,0
10:04:2014,brandnewbooty,http://click2hit.com/brandnewbooty,775,775,0
10:04:2014,cafevertextraminceur,http://click2hit.com/cafevertextraminceur,2505,2569,-64
10:04:2014,carbuloss,http://click2hit.com/carbuloss,378,386,-8
10:04:2014,celebritybodynow,http://click2hit.com/celebritybodynow,423,423,0
10:04:2014,celebrityweightlosskit,http://click2hit.com/celebrityweightlosskit,360,361,-1
10:04:2014,cellanafricanmango,http://click2hit.com/cellanafricanmango,2246,2322,-76
10:04:2014,cellogicaskin,http://click2hit.com/cellogicaskin,191,193,-2
10:04:2014,cenaless,http://click2hit.com/cenaless,75,75,0
10:04:2014,cenaslim,http://click2hit.com/cenaslim,395,395,0
10:04:2014,cleandetox,http://click2hit.com/cleandetox,273,273,0
10:04:2014,cleansecatalystplus,http://click2hit.com/cleansecatalystplus,3342,3352,-10
10:04:2014,cleanseultimo,http://click2hit.com/cleanseultimo,1416,1421,-5
10:04:2014,cocogeniceyeserum,http://click2hit.com/cocogeniceyeserum,11,13,-2
10:04:2014,coffeecleansemax,http://click2hit.com/coffeecleansemax,393,395,-2
10:04:2014,coffeepurecleanse,http://click2hit.com/coffeepurecleanse,56,63,-7
10:04:2014,coleanse,http://click2hit.com/coleanse,2102,2109,-7
10:04:2014,collagen,http://click2hit.com/collagen,26,27,-1
10:04:2014,collagenfaceserum,http://click2hit.com/collagenfaceserum,50,50,0
10:04:2014,colodetox,http://click2hit.com/colodetox,532,532,0
10:04:2014,colodetoxplus,http://click2hit.com/colodetoxplus,92,93,-1
10:04:2014,coloncleanse1300,http://click2hit.com/coloncleanse1300,287,287,0
10:04:2014,coloncleansecomplete,http://click2hit.com/coloncleansecomplete,1300,1302,-2
10:04:2014,coloncleansetotal,http://click2hit.com/coloncleansetotal,770,770,0
10:04:2014,colondetoxpro,http://click2hit.com/colondetoxpro,47,50,-3
10:04:2014,colonpurecleanse,http://click2hit.com/colonpurecleanse,422,426,-4
10:04:2014,colothin,http://click2hit.com/colothin,194,194,0
10:04:2014,columbiangreencoffeebean,http://click2hit.com/columbiangreencoffeebean,775,787,-12
10:04:2014,combogiaplus,http://click2hit.com/combogiaplus,331,331,0
10:04:2014,completecoffeecleanse,http://click2hit.com/completecoffeecleanse,400,400,0
10:04:2014,complexiderm,http://click2hit.com/complexiderm,187,187,0
10:04:2014,cosimarevival,http://click2hit.com/cosimarevival,184,184,0
10:04:2014,cosmitone,http://click2hit.com/cosmitone,1335,1335,0
10:04:2014,csorex,http://click2hit.com/csorex,107,108,-1
10:04:2014,curcovia,http://click2hit.com/curcovia,426,427,-1
10:04:2014,cutiecurves,http://click2hit.com/cutiecurves,246,246,0
10:04:2014,cytotrim,http://click2hit.com/cytotrim,4,5,-1
10:04:2014,dailyeyerestoration,http://click2hit.com/dailyeyerestoration,150,151,-1
10:04:2014,dellure,http://click2hit.com/dellure,118,119,-1
10:04:2014,dellurecollagen,http://click2hit.com/dellurecollagen,570,570,0
10:04:2014,dermafirm,http://click2hit.com/dermafirm,761,762,-1
10:04:2014,dermajuvenate,http://click2hit.com/dermajuvenate,2353,2361,-8
10:04:2014,dermalift,http://click2hit.com/dermalift,235,235,0
10:04:2014,dermallo,http://click2hit.com/dermallo,269,269,0
10:04:2014,dermalmeds,http://click2hit.com/dermalmeds,446,446,0
10:04:2014,dermangelie,http://click2hit.com/dermangelie,156,156,0
10:04:2014,derminelift,http://click2hit.com/derminelift,404,405,-1
10:04:2014,dermology,http://click2hit.com/dermology,45,45,0
10:04:2014,detoxmax,http://click2hit.com/detoxmax,60,61,-1
10:04:2014,dietultimo,http://click2hit.com/dietultimo,2531,2542,-11
10:04:2014,digestItcoloncleanse,http://click2hit.com/digestItcoloncleanse,64,66,-2
10:04:2014,duplicellp199,http://click2hit.com/duplicellp199,45,48,-3
10:04:2014,duplicellp199facetherapy,http://click2hit.com/duplicellp199facetherapy,50,52,-2
10:04:2014,ecoflex,http://click2hit.com/ecoflex,126,128,-2
10:04:2014,electravx,http://click2hit.com/electravx,179,180,-1
10:04:2014,elevategf,http://click2hit.com/elevategf,269,269,0
10:04:2014,elite360,http://click2hit.com/elite360,69,70,-1
10:04:2014,elliskin,http://click2hit.com/elliskin,509,511,-2
10:04:2014,endorev,http://click2hit.com/endorev,463,463,0
10:04:2014,ephedrix,http://click2hit.com/ephedrix,228,229,-1
10:04:2014,equivita,http://click2hit.com/equivita,7893,7927,-34
10:04:2014,essentialdetox,http://click2hit.com/essentialdetox,429,431,-2
10:04:2014,extagen,http://click2hit.com/extagen,337,338,-1
10:04:2014,extremefx,http://click2hit.com/extremefx,350,350,0
10:04:2014,eyeluminous,http://click2hit.com/eyeluminous,667,693,-26
10:04:2014,fembalance,http://click2hit.com/fembalance,362,362,0
10:04:2014,firmativ,http://click2hit.com/firmativ,869,889,-20
10:04:2014,flawlessbeauty,http://click2hit.com/flawlessbeauty,108,110,-2
10:04:2014,flexwell,http://click2hit.com/flexwell,103,103,0
10:04:2014,forceeffect,http://click2hit.com/forceeffect,344,372,-28
10:04:2014,formularezvmagic,http://click2hit.com/formularezvmagic,231,231,0
10:04:2014,fortdietmax,http://click2hit.com/fortdietmax,82,82,0
10:04:2014,fortmaxdiet,http://click2hit.com/fortmaxdiet,74,74,0
10:04:2014,garciniaberrythin,http://click2hit.com/garciniaberrythin,478,479,-1
10:04:2014,garciniacambogia1300,http://click2hit.com/garciniacambogia1300,661,662,-1
10:04:2014,garciniacambogia360,http://click2hit.com/garciniacambogia360,19,23,-4
10:04:2014,garciniacambogia500,http://click2hit.com/garciniacambogia500,3,3,0
10:04:2014,garciniacambogiablast,http://click2hit.com/garciniacambogiablast,754,767,-13
10:04:2014,garciniacambogiaburn,http://click2hit.com/garciniacambogiaburn,98,98,0
10:04:2014,garciniacambogiacomplex,http://click2hit.com/garciniacambogiacomplex,332,333,-1
10:04:2014,garciniacambogiaextract,http://click2hit.com/garciniacambogiaextract,48,48,0
10:04:2014,garciniacambogiafit1300,http://click2hit.com/garciniacambogiafit1300,144,149,-5
10:04:2014,garciniacambogiaformula,http://click2hit.com/garciniacambogiaformula,41,41,0
10:04:2014,garciniacambogiahca,http://click2hit.com/garciniacambogiahca,4,4,0
10:04:2014,garciniacambogiaplus,http://click2hit.com/garciniacambogiaplus,1134,1135,-1
10:04:2014,garciniacambogiapro,http://click2hit.com/garciniacambogiapro,21,21,0
10:04:2014,garciniacambogiaselect,http://click2hit.com/garciniacambogiaselect,490,491,-1
10:04:2014,garciniacambogiaslimfast,http://click2hit.com/garciniacambogiaslimfast,1791,1817,-26
10:04:2014,garciniacambogiaslimsystem,http://click2hit.com/garciniacambogiaslimsystem,1131,1133,-2
10:04:2014,garciniacambogiaxt,http://click2hit.com/garciniacambogiaxt,178,189,-11
10:04:2014,garciniacambogiaz,http://click2hit.com/garciniacambogiaz,3,3,0
10:04:2014,garciniacombogiasupreme,http://click2hit.com/garciniacombogiasupreme,24,24,0
10:04:2014,garciniadietmax,http://click2hit.com/garciniadietmax,339,341,-2
10:04:2014,garciniaextractplus,http://click2hit.com/garciniaextractplus,232,233,-1
10:04:2014,garciniaforte,http://click2hit.com/garciniaforte,4,4,0
10:04:2014,garciniahca,http://click2hit.com/garciniahca,141,143,-2
10:04:2014,garciniahcapremium,http://click2hit.com/garciniahcapremium,108,109,-1
10:04:2014,garciniaplus,http://click2hit.com/garciniaplus,1986,1991,-5
10:04:2014,garciniasuperdiet,http://click2hit.com/garciniasuperdiet,174,174,0
10:04:2014,garciniawonder,http://click2hit.com/garciniawonder,3,10,-7
10:04:2014,garciniawow,http://click2hit.com/garciniawow,95,100,-5
10:04:2014,garciniaxslim,http://click2hit.com/garciniaxslim,553,571,-18
10:04:2014,gc180xt,http://click2hit.com/gc180xt,570,579,-9
10:04:2014,gcbmaxgreencoffee,http://click2hit.com/gcbmaxgreencoffee,344,345,-1
10:04:2014,gcfitsgarcinia,http://click2hit.com/gcfitsgarcinia,6,6,0
10:04:2014,gcxsdiet,http://click2hit.com/gcxsdiet,41,54,-13
10:04:2014,genesis,http://click2hit.com/genesis,43,43,0
10:04:2014,gogiberryburn,http://click2hit.com/gogiberryburn,36,43,-7
10:04:2014,gojiactives,http://click2hit.com/gojiactives,1509,1514,-5
10:04:2014,gojiadvance,http://click2hit.com/gojiadvance,392,416,-24
10:04:2014,gojimax,http://click2hit.com/gojimax,250,254,-4
10:04:2014,gojislim,http://click2hit.com/gojislim,20257,20289,-32
10:04:2014,govapor,http://click2hit.com/govapor,111,113,-2
10:04:2014,greencoffeebeanthin,http://click2hit.com/greencoffeebeanthin,287,289,-2
10:04:2014,greencoffeebody,http://click2hit.com/greencoffeebody,417,419,-2
10:04:2014,greencoffeecleanse,http://click2hit.com/greencoffeecleanse,19,19,0
10:04:2014,greencoffeecleanse1,http://click2hit.com/greencoffeecleanse1,28,29,-1
10:04:2014,greencoffeecleanses,http://click2hit.com/greencoffeecleanses,865,901,-36
10:04:2014,greencoffeeextraslim,http://click2hit.com/greencoffeeextraslim,273,273,0
10:04:2014,greencoffeefatburn,http://click2hit.com/greencoffeefatburn,1578,1578,0
10:04:2014,greencoffeenaxx,http://click2hit.com/greencoffeenaxx,194,195,-1
10:04:2014,greencoffeeplus,http://click2hit.com/greencoffeeplus,104,104,0
10:04:2014,greencoffeeprogram,http://click2hit.com/greencoffeeprogram,59,62,-3
10:04:2014,greencoffeerevolution,http://click2hit.com/greencoffeerevolution,25,26,-1
10:04:2014,greencoffeespeedslim,http://click2hit.com/greencoffeespeedslim,1443,1474,-31
10:04:2014,greencoffeesupreme,http://click2hit.com/greencoffeesupreme,351,351,0
10:04:2014,greencoffeesupremecleanse,http://click2hit.com/greencoffeesupremecleanse,120,120,0
10:04:2014,greendetoxpatch,http://click2hit.com/greendetoxpatch,284,285,-1
10:04:2014,greenleancoffeebean,http://click2hit.com/greenleancoffeebean,209,210,-1
10:04:2014,greentonepromuscle,http://click2hit.com/greentonepromuscle,214,214,0
10:04:2014,growxl,http://click2hit.com/growxl,2734,2736,-2
10:04:2014,hairgenesis,http://click2hit.com/hairgenesis,80,80,0
10:04:2014,hardknight,http://click2hit.com/hardknight,1440,1448,-8
10:04:2014,hardknight-1,http://click2hit.com/hardknight-1,84,84,0
10:04:2014,hawaiislim,http://click2hit.com/hawaiislim,145,146,-1
10:04:2014,healthycleanse,http://click2hit.com/healthycleanse,517,518,-1
10:04:2014,heboost,http://click2hit.com/heboost,235,235,0
10:04:2014,hghfuel,http://click2hit.com/hghfuel,28,28,0
10:04:2014,hghpro,http://click2hit.com/hghpro,25,36,-11
10:04:2014,hghxl,http://click2hit.com/hghxl,138,140,-2
10:04:2014,hight,http://click2hit.com/hight,324,325,-1
10:04:2014,hspactives,http://click2hit.com/hspactives,2162,2164,-2
10:04:2014,htrush,http://click2hit.com/htrush,312,320,-8
10:04:2014,hydradiance,http://click2hit.com/hydradiance,555,560,-5
10:04:2014,hydrafirm,http://click2hit.com/hydrafirm,260,260,0
10:04:2014,hydravella,http://click2hit.com/hydravella,229,232,-3
10:04:2014,hydroface,http://click2hit.com/hydroface,619,619,0
10:04:2014,hydroxatone90,http://click2hit.com/hydroxatone90,325,325,0
10:04:2014,hydroxatonebbcream,http://click2hit.com/hydroxatonebbcream,73,74,-1
10:04:2014,idolize,http://click2hit.com/idolize,150,168,-18
10:04:2014,instaleanketones,http://click2hit.com/instaleanketones,695,705,-10
10:04:2014,instantderma,http://click2hit.com/instantderma,185,185,0
10:04:2014,instantlift,http://click2hit.com/instantlift,471,474,-3
10:04:2014,juvalife,http://click2hit.com/juvalife,90,95,-5
10:04:2014,juvamend,http://click2hit.com/juvamend,4,8,-4
10:04:2014,juvesiio,http://click2hit.com/juvesiio,56,57,-1
10:04:2014,ketoneadvanced,http://click2hit.com/ketoneadvanced,10,16,-6
10:04:2014,ketonepremium,http://click2hit.com/ketonepremium,530,530,0
10:04:2014,kollagen,http://click2hit.com/kollagen,83,83,0
10:04:2014,l-carnitineplus,http://click2hit.com/l-carnitineplus,148,148,0
10:04:2014,ladermanique,http://click2hit.com/ladermanique,1725,1736,-11
10:04:2014,larginineplus,http://click2hit.com/larginineplus,30,30,0
10:04:2014,leanmusclex,http://click2hit.com/leanmusclex,9,9,0
10:04:2014,leptizin,http://click2hit.com/leptizin,104,104,0
10:04:2014,lifecell,http://click2hit.com/lifecell,140,140,0
10:04:2014,liftandglowpro,http://click2hit.com/liftandglowpro,36,36,0
10:04:2014,liftderma,http://click2hit.com/liftderma,766,768,-2
10:04:2014,liftserumpro,http://click2hit.com/liftserumpro,55,56,-1
10:04:2014,liftvapor,http://click2hit.com/liftvapor,894,895,-1
10:04:2014,lipo13,http://click2hit.com/lipo13,1039,1071,-32
10:04:2014,lipog3,http://click2hit.com/lipog3,548,609,-61
10:04:2014,liposlim,http://click2hit.com/liposlim,212,212,0
10:04:2014,lisocleanse,http://click2hit.com/lisocleanse,235,274,-39
10:04:2014,lorelia,http://click2hit.com/lorelia,2147,2154,-7
10:04:2014,lumeraeyeserum,http://click2hit.com/lumeraeyeserum,2266,2274,-8
10:04:2014,luminant,http://click2hit.com/luminant,397,397,0
10:04:2014,luminantskin,http://click2hit.com/luminantskin,413,415,-2
10:04:2014,luminique,http://click2hit.com/luminique,85,86,-1
10:04:2014,luministeyegel,http://click2hit.com/luministeyegel,210,210,0
10:04:2014,lunarsleep,http://click2hit.com/lunarsleep,285,292,-7
10:04:2014,lunathin,http://click2hit.com/lunathin,142,142,0
10:04:2014,lxwpro-t,http://click2hit.com/lxwpro-t,31,35,-4
10:04:2014,lysocleanse,http://click2hit.com/lysocleanse,783,785,-2
10:04:2014,massivevitality,http://click2hit.com/massivevitality,30,30,0
10:04:2014,masspmnight,http://click2hit.com/masspmnight,38,38,0
10:04:2014,maxburncambogia,http://click2hit.com/maxburncambogia,6925,6930,-5
10:04:2014,maxcleanse,http://click2hit.com/maxcleanse,273,273,0
10:04:2014,maxdetox,http://click2hit.com/maxdetox,377,377,0
10:04:2014,maxgarciniaburn,http://click2hit.com/maxgarciniaburn,267,270,-3
10:04:2014,maxleanx,http://click2hit.com/maxleanx,281,281,0
10:04:2014,maxlight,http://click2hit.com/maxlight,11,11,0
10:04:2014,maxmuscleblast,http://click2hit.com/maxmuscleblast,4,4,0
10:04:2014,maxmusclelean,http://click2hit.com/maxmusclelean,48,48,0
10:04:2014,maxtrimraspberryketone,http://click2hit.com/maxtrimraspberryketone,107,111,-4
10:04:2014,maxxmale,http://click2hit.com/maxxmale,183,183,0
10:04:2014,maxxtest300,http://click2hit.com/maxxtest300,28,36,-8
10:04:2014,miraclegarciniacambogia1300,http://click2hit.com/miraclegarciniacambogia1300,53,54,-1
10:04:2014,miraclegarciniacambogiarx,http://click2hit.com/miraclegarciniacambogiarx,75,80,-5
10:04:2014,miraclephytoceramides,http://click2hit.com/miraclephytoceramides,2247,2260,-13
10:04:2014,miracleraspberryketone,http://click2hit.com/miracleraspberryketone,29,29,0
10:04:2014,mitoslim,http://click2hit.com/mitoslim,749,749,0
10:04:2014,mizulean,http://click2hit.com/mizulean,245,245,0
10:04:2014,musclecorex,http://click2hit.com/musclecorex,514,514,0
10:04:2014,muscleforcex,http://click2hit.com/muscleforcex,89,89,0
10:04:2014,musclekingpro,http://click2hit.com/musclekingpro,303,303,0
10:04:2014,musclemax,http://click2hit.com/musclemax,229,230,-1
10:04:2014,muscleripx,http://click2hit.com/muscleripx,217,217,0
10:04:2014,musclexedge,http://click2hit.com/musclexedge,528,529,-1
10:04:2014,musclexpro,http://click2hit.com/musclexpro,99,99,0
10:04:2014,musclezx90,http://click2hit.com/musclezx90,2907,2908,-1
10:04:2014,naturalburn,http://click2hit.com/naturalburn,258,258,0
10:04:2014,naturalcleanse,http://click2hit.com/naturalcleanse,812,812,0
10:04:2014,naturalcoloncleanseelite,http://click2hit.com/naturalcoloncleanseelite,326,330,-4
10:04:2014,naturaldiet,http://click2hit.com/naturaldiet,147,148,-1
10:04:2014,naturalgarciniacambogiaburn,http://click2hit.com/naturalgarciniacambogiaburn,241,241,0
10:04:2014,naturalgreencleanse,http://click2hit.com/naturalgreencleanse,554,555,-1
10:04:2014,naturalgreencoffeeburn,http://click2hit.com/naturalgreencoffeeburn,423,424,-1
10:04:2014,naturalpluscleanse,http://click2hit.com/naturalpluscleanse,135,138,-3
10:04:2014,naturalpurecleanse,http://click2hit.com/naturalpurecleanse,394,395,-1
10:04:2014,neucleanseultimate,http://click2hit.com/neucleanseultimate,457,469,-12
10:04:2014,neugarciniacambogia,http://click2hit.com/neugarciniacambogia,20,20,0
10:04:2014,neuropathysupportformula,http://click2hit.com/neuropathysupportformula,257,265,-8
10:04:2014,newagecleanse,http://click2hit.com/newagecleanse,333,337,-4
10:04:2014,newlifecleanse,http://click2hit.com/newlifecleanse,160,160,0
10:04:2014,nidora,http://click2hit.com/nidora,599,645,-46
10:04:2014,nitricmaxmuscle,http://click2hit.com/nitricmaxmuscle,325,325,0
10:04:2014,nitricmaxmuscle1,http://click2hit.com/nitricmaxmuscle1,62,63,-1
10:04:2014,nitricpower,http://click2hit.com/nitricpower,14,15,-1
10:04:2014,nitroxin,http://click2hit.com/nitroxin,40,49,-9
10:04:2014,nitroxl,http://click2hit.com/nitroxl,282,282,0
10:04:2014,nitroxpro,http://click2hit.com/nitroxpro,6830,6955,-125
10:04:2014,no2explodeextreme,http://click2hit.com/no2explodeextreme,1513,1517,-4
10:04:2014,no2factor,http://click2hit.com/no2factor,330,332,-2
10:04:2014,no2maximus,http://click2hit.com/no2maximus,2452,2503,-51
10:04:2014,no2surge,http://click2hit.com/no2surge,324,347,-23
10:04:2014,nuetrim,http://click2hit.com/nuetrim,429,429,0
10:04:2014,nutraburn10,http://click2hit.com/nutraburn10,97,97,0
10:04:2014,nutranaturalgarciniacambogia,http://click2hit.com/nutranaturalgarciniacambogia,118,118,0
10:04:2014,nutridiet,http://click2hit.com/nutridiet,1082,1110,-28
10:04:2014,nuvagenic,http://click2hit.com/nuvagenic,197,197,0
10:04:2014,nuvie,http://click2hit.com/nuvie,172,178,-6
10:04:2014,nuvocleanse,http://click2hit.com/nuvocleanse,591,591,0
10:04:2014,nuvoslim,http://click2hit.com/nuvoslim,460,486,-26
10:04:2014,onemoment,http://click2hit.com/onemoment,175,192,-17
10:04:2014,optimalstack,http://click2hit.com/optimalstack,493,497,-4
10:04:2014,organiccleanse,http://click2hit.com/organiccleanse,3,3,0
10:04:2014,organiccleansedetox,http://click2hit.com/organiccleansedetox,69,71,-2
10:04:2014,organicgarciniacambogia,http://click2hit.com/organicgarciniacambogia,195,195,0
10:04:2014,originalgarciniacambogia,http://click2hit.com/originalgarciniacambogia,60,62,-2
10:04:2014,originalyaconextract,http://click2hit.com/originalyaconextract,154,155,-1
10:04:2014,originalyaconsyrup,http://click2hit.com/originalyaconsyrup,57,57,0
10:04:2014,orvigomax,http://click2hit.com/orvigomax,81,86,-5
10:04:2014,ourgreencleanse,http://click2hit.com/ourgreencleanse,149,149,0
10:04:2014,oxygenius,http://click2hit.com/oxygenius,1399,1414,-15
10:04:2014,pelevoni,http://click2hit.com/pelevoni,322,322,0
10:04:2014,platinumgarciniacambogia,http://click2hit.com/platinumgarciniacambogia,372,372,0
10:04:2014,poshcream,http://click2hit.com/poshcream,48,51,-3
10:04:2014,powermax,http://click2hit.com/powermax,12,12,0
10:04:2014,powerprecision,http://click2hit.com/powerprecision,121,121,0
10:04:2014,poweruphealthgarcinia,http://click2hit.com/poweruphealthgarcinia,179,193,-14
10:04:2014,premiermangocleanse,http://click2hit.com/premiermangocleanse,204,205,-1
10:04:2014,premiumgarciniacambogiaslim,http://click2hit.com/premiumgarciniacambogiaslim,158,163,-5
10:04:2014,premiumgreencoffeebean,http://click2hit.com/premiumgreencoffeebean,208,208,0
10:04:2014,procollagen,http://click2hit.com/procollagen,267,267,0
10:04:2014,procoloncleanse,http://click2hit.com/procoloncleanse,168,168,0
10:04:2014,prodermagenix,http://click2hit.com/prodermagenix,188,189,-1
10:04:2014,prodermagenixplus,http://click2hit.com/prodermagenixplus,257,261,-4
10:04:2014,progain350,http://click2hit.com/progain350,3,3,0
10:04:2014,prolong,http://click2hit.com/prolong,710,761,-51
10:04:2014,prolongz,http://click2hit.com/prolongz,489,499,-10
10:04:2014,promusclecomplex,http://click2hit.com/promusclecomplex,542,542,0
10:04:2014,pronutragarcinia,http://click2hit.com/pronutragarcinia,57,60,-3
10:04:2014,protrim,http://click2hit.com/protrim,1048,1048,0
10:04:2014,purafit,http://click2hit.com/purafit,368,370,-2
10:04:2014,puragreencoffee,http://click2hit.com/puragreencoffee,290,290,0
10:04:2014,pureberrymax,http://click2hit.com/pureberrymax,269,270,-1
10:04:2014,purebiodiet,http://click2hit.com/purebiodiet,658,662,-4
10:04:2014,purecambogiaultra,http://click2hit.com/purecambogiaultra,216,227,-11
10:04:2014,purecambogiaultra-1,http://click2hit.com/purecambogiaultra-1,602,614,-12
10:04:2014,purecambogiaultra2,http://click2hit.com/purecambogiaultra2,179,182,-3
10:04:2014,purecleanse,http://click2hit.com/purecleanse,501,501,0
10:04:2014,purecleansemax,http://click2hit.com/purecleansemax,4,4,0
10:04:2014,purecolocleanse,http://click2hit.com/purecolocleanse,268,271,-3
10:04:2014,purecoloncleanser,http://click2hit.com/purecoloncleanser,1555,1555,0
10:04:2014,puregarciniacambogia,http://click2hit.com/puregarciniacambogia,195,195,0
10:04:2014,puregarciniacambogia-1,http://click2hit.com/puregarciniacambogia-1,7894,7984,-90
10:04:2014,puregarciniacambogiaburn,http://click2hit.com/puregarciniacambogiaburn,2332,2336,-4
10:04:2014,puregarciniacambogiaplus,http://click2hit.com/puregarciniacambogiaplus,379,379,0
10:04:2014,puregarciniacambogiapremium,http://click2hit.com/puregarciniacambogiapremium,1247,1256,-9
10:04:2014,puregarciniacambogiaslim,http://click2hit.com/puregarciniacambogiaslim,893,893,0
10:04:2014,puregarciniacambogiaslimsystem,http://click2hit.com/puregarciniacambogiaslimsystem,253,253,0
10:04:2014,puregarciniacanada,http://click2hit.com/puregarciniacanada,57,57,0
10:04:2014,puregarciniaelite,http://click2hit.com/puregarciniaelite,32,32,0
10:04:2014,puregarciniaslim,http://click2hit.com/puregarciniaslim,345,173,172
10:04:2014,puregarciniaultra,http://click2hit.com/puregarciniaultra,535,536,-1
10:04:2014,puregarciniaultra-1,http://click2hit.com/puregarciniaultra-1,134,134,0
10:04:2014,puregreencoffee,http://click2hit.com/puregreencoffee,420,420,0
10:04:2014,puregreencoffeebeanplus,http://click2hit.com/puregreencoffeebeanplus,34,38,-4
10:04:2014,purelifecleanse1,http://click2hit.com/purelifecleanse1,552,649,-97
10:04:2014,purenitrate,http://click2hit.com/purenitrate,94,97,-3
10:04:2014,purenitromax,http://click2hit.com/purenitromax,495,504,-9
10:04:2014,purensa,http://click2hit.com/purensa,1671,1674,-3
10:04:2014,pureraspberryketonepremium,http://click2hit.com/pureraspberryketonepremium,239,239,0
10:04:2014,puressance,http://click2hit.com/puressance,124,125,-1
10:04:2014,purestgarciniacambogia,http://click2hit.com/purestgarciniacambogia,20,22,-2
10:04:2014,pureyaconsyrupextract,http://click2hit.com/pureyaconsyrupextract,257,260,-3
10:04:2014,pureyaconsyrupplus,http://click2hit.com/pureyaconsyrupplus,150,150,0
10:04:2014,pureyaconxt,http://click2hit.com/pureyaconxt,75,77,-2
10:04:2014,px800greencoffee,http://click2hit.com/px800greencoffee,58,60,-2
10:04:2014,quickgreencoffee,http://click2hit.com/quickgreencoffee,396,396,0
10:04:2014,raspberryketonefresh,http://click2hit.com/raspberryketonefresh,1070,1081,-11
10:04:2014,raspberryketoneproslim,http://click2hit.com/raspberryketoneproslim,317,319,-2
10:04:2014,raspberryketones,http://click2hit.com/raspberryketones,330,344,-14
10:04:2014,raspberryslimplus,http://click2hit.com/raspberryslimplus,178,178,0
10:04:2014,raspberrytones,http://click2hit.com/raspberrytones,364,364,0
10:04:2014,raspberrytrim,http://click2hit.com/raspberrytrim,155,155,0
10:04:2014,raspberryultraketone,http://click2hit.com/raspberryultraketone,201,203,-2
10:04:2014,rawburn,http://click2hit.com/rawburn,145,145,0
10:04:2014,regularx,http://click2hit.com/regularx,121,122,-1
10:04:2014,rejouvance,http://click2hit.com/rejouvance,483,486,-3
10:04:2014,rejuvaglow,http://click2hit.com/rejuvaglow,66,66,0
10:04:2014,rejuvalash,http://click2hit.com/rejuvalash,256,257,-1
10:04:2014,rejuvalskin,http://click2hit.com/rejuvalskin,48,51,-3
10:04:2014,rejuvenex,http://click2hit.com/rejuvenex,352,352,0
10:04:2014,reliftadvanced,http://click2hit.com/reliftadvanced,269,270,-1
10:04:2014,renique,http://click2hit.com/renique,682,693,-11
10:04:2014,restore,http://click2hit.com/restore,85,86,-1
10:04:2014,revitol,http://click2hit.com/revitol,65,65,0
10:04:2014,revivagenix,http://click2hit.com/revivagenix,228,228,0
10:04:2014,revivasol,http://click2hit.com/revivasol,2242,2243,-1
10:04:2014,revolyn,http://click2hit.com/revolyn,213,214,-1
10:04:2014,revoreplex,http://click2hit.com/revoreplex,4,207,-203
10:04:2014,rippedmusclex,http://click2hit.com/rippedmusclex,12,12,0
10:04:2014,rvtl,http://click2hit.com/rvtl,1901,1905,-4
10:04:2014,saphireecig,http://click2hit.com/saphireecig,592,593,-1
10:04:2014,secretbodybulk,http://click2hit.com/secretbodybulk,308,308,0
10:04:2014,secretgarciniacambogia,http://click2hit.com/secretgarciniacambogia,249,249,0
10:04:2014,secretlift,http://click2hit.com/secretlift,10,10,0
10:04:2014,sensa,http://click2hit.com/sensa,132,132,0
10:04:2014,simplycleanse,http://click2hit.com/simplycleanse,235,236,-1
10:04:2014,simplygarciniacambogia,http://click2hit.com/simplygarciniacambogia,434,438,-4
10:04:2014,simplygreencoffee,http://click2hit.com/simplygreencoffee,330,331,-1
10:04:2014,skinliftadvanced,http://click2hit.com/skinliftadvanced,222,222,0
10:04:2014,skinnyfiber,http://click2hit.com/skinnyfiber,397,397,0
10:04:2014,slendera-1,http://click2hit.com/slendera-1,39,39,0
10:04:2014,slendera-sab,http://click2hit.com/slendera-sab,70,70,0
10:04:2014,slimberrymax,http://click2hit.com/slimberrymax,258,258,0
10:04:2014,slimbodycleanse,http://click2hit.com/slimbodycleanse,3110,3114,-4
10:04:2014,slimbodyketones,http://click2hit.com/slimbodyketones,138,146,-8
10:04:2014,slimcleanseplus,http://click2hit.com/slimcleanseplus,110,111,-1
10:04:2014,slimlean,http://click2hit.com/slimlean,1036,1038,-2
10:04:2014,slimnogym,http://click2hit.com/slimnogym,223,223,0
10:04:2014,slimtrimpm,http://click2hit.com/slimtrimpm,71,89,-18
10:04:2014,smileprodirect,http://click2hit.com/smileprodirect,2979,2994,-15
10:04:2014,solpria,http://click2hit.com/solpria,1085,1087,-2
10:04:2014,sparkwhitening,http://click2hit.com/sparkwhitening,1603,1603,0
10:04:2014,strawberrygarciniacambogia,http://click2hit.com/strawberrygarciniacambogia,450,453,-3
10:04:2014,superbetaprostate,http://click2hit.com/superbetaprostate,152,152,0
10:04:2014,supercoloncleanse1800,http://click2hit.com/supercoloncleanse1800,289,289,0
10:04:2014,supergarciniacambogia,http://click2hit.com/supergarciniacambogia,990,1005,-15
10:04:2014,superiorvelvet,http://click2hit.com/superiorvelvet,480,495,-15
10:04:2014,superketoneplus,http://click2hit.com/superketoneplus,4070,4109,-39
10:04:2014,superlean,http://click2hit.com/superlean,201,201,0
10:04:2014,superleancoloncleanse,http://click2hit.com/superleancoloncleanse,1341,1345,-4
10:04:2014,supertestoboost,http://click2hit.com/supertestoboost,133,134,-1
10:04:2014,superyaconsyrup1000,http://click2hit.com/superyaconsyrup1000,24,24,0
10:04:2014,supracleanse350,http://click2hit.com/supracleanse350,749,790,-41
10:04:2014,supremeantler,http://click2hit.com/supremeantler,134,145,-11
10:04:2014,svelme,http://click2hit.com/svelme,46,46,0
10:04:2014,swolecreatinemuscle,http://click2hit.com/swolecreatinemuscle,186,186,0
10:04:2014,syneocell,http://click2hit.com/syneocell,188,188,0
10:04:2014,tadvance,http://click2hit.com/tadvance,470,472,-2
10:04:2014,testabolancyp,http://click2hit.com/testabolancyp,343,343,0
10:04:2014,testocoreadvanced,http://click2hit.com/testocoreadvanced,305,316,-11
10:04:2014,testoforceedge,http://click2hit.com/testoforceedge,478,480,-2
10:04:2014,testoforcex,http://click2hit.com/testoforcex,294,294,0
10:04:2014,testolimit,http://click2hit.com/testolimit,40,42,-2
10:04:2014,testomax,http://click2hit.com/testomax,276,277,-1
10:04:2014,testoril,http://click2hit.com/testoril,522,522,0
10:04:2014,testorushrx,http://click2hit.com/testorushrx,425,446,-21
10:04:2014,testoupmax,http://click2hit.com/testoupmax,111,134,-23
10:04:2014,testrx360,http://click2hit.com/testrx360,333,334,-1
10:04:2014,testtoforcextreme,http://click2hit.com/testtoforcextreme,387,387,0
10:04:2014,testx180,http://click2hit.com/testx180,1416,1417,-1
10:04:2014,thermoblackx,http://click2hit.com/thermoblackx,141,142,-1
10:04:2014,thermoextreme1,http://click2hit.com/thermoextreme1,570,570,0
10:04:2014,thermofactorx,http://click2hit.com/thermofactorx,819,820,-1
10:04:2014,thermosculptpro,http://click2hit.com/thermosculptpro,323,323,0
10:04:2014,titaniumprox,http://click2hit.com/titaniumprox,794,797,-3
10:04:2014,tlevelboost,http://click2hit.com/tlevelboost,65,65,0
10:04:2014,tonaderm,http://click2hit.com/tonaderm,203,203,0
10:04:2014,totalcleansecomplete,http://click2hit.com/totalcleansecomplete,386,386,0
10:04:2014,trigx2,http://click2hit.com/trigx2,330,330,0
10:04:2014,trimextrin,http://click2hit.com/trimextrin,0,0,0
10:04:2014,truburnplus,http://click2hit.com/truburnplus,33,45,-12
10:04:2014,truecleansecomplete,http://click2hit.com/truecleansecomplete,211,218,-7
10:04:2014,turbofrce,http://click2hit.com/turbofrce,423,423,0
10:04:2014,ultracelebdiet,http://click2hit.com/ultracelebdiet,361,361,0
10:04:2014,ultracleansepure,http://click2hit.com/ultracleansepure,2,3,-1
10:04:2014,ultracoloncleanse,http://click2hit.com/ultracoloncleanse,44,44,0
10:04:2014,ultrafinesse,http://click2hit.com/ultrafinesse,84,85,-1
10:04:2014,ultragarciniacambogia,http://click2hit.com/ultragarciniacambogia,52,52,0
10:04:2014,ultramaxtestosterone,http://click2hit.com/ultramaxtestosterone,228,230,-2
10:04:2014,ultraslim,http://click2hit.com/ultraslim,189,189,0
10:04:2014,umoris,http://click2hit.com/umoris,409,412,-3
10:04:2014,vantage,http://click2hit.com/vantage,5,5,0
10:04:2014,vapexecig,http://click2hit.com/vapexecig,342,342,0
10:04:2014,vimaxdetox,http://click2hit.com/vimaxdetox,886,886,0
10:04:2014,virilityex,http://click2hit.com/virilityex,202,203,-1
10:04:2014,vitaberryburn,http://click2hit.com/vitaberryburn,371,371,0
10:04:2014,vitaberrytrim,http://click2hit.com/vitaberrytrim,1806,1807,-1
10:04:2014,vitacleanse,http://click2hit.com/vitacleanse,4560,4622,-62
10:04:2014,vitaketone,http://click2hit.com/vitaketone,948,953,-5
10:04:2014,vitalcleanse,http://click2hit.com/vitalcleanse,181,181,0
10:04:2014,vitalcleansecomplete,http://click2hit.com/vitalcleansecomplete,761,764,-3
10:04:2014,vitalifedetox,http://click2hit.com/vitalifedetox,742,743,-1
10:04:2014,vitalikortest,http://click2hit.com/vitalikortest,599,600,-1
10:04:2014,vitalipo,http://click2hit.com/vitalipo,122,122,0
10:04:2014,vitalitygreencoffee,http://click2hit.com/vitalitygreencoffee,197,197,0
10:04:2014,vitamaxgarciniacambogia,http://click2hit.com/vitamaxgarciniacambogia,1807,1834,-27
10:04:2014,vyalis,http://click2hit.com/vyalis,234,238,-4
10:04:2014,wrinklerewind,http://click2hit.com/wrinklerewind,5751,5765,-14
10:04:2014,xmrecovery,http://click2hit.com/xmrecovery,148,148,0
10:04:2014,xtremegarciniacambogia,http://click2hit.com/xtremegarciniacambogia,484,484,0
10:04:2014,xtremenitro,http://click2hit.com/xtremenitro,46,56,-10
10:04:2014,xtremetestosteronebooster,http://click2hit.com/xtremetestosteronebooster,365,366,-1
10:04:2014,yaconmolasses,http://click2hit.com/yaconmolasses,81,81,0
10:04:2014,yaconrootmax,http://click2hit.com/yaconrootmax,1256,1349,-93
10:04:2014,yaconsyrupdirect,http://click2hit.com/yaconsyrupdirect,218,218,0
10:04:2014,yolosleep,http://click2hit.com/yolosleep,213,213,0
10:04:2014,youthkitantiaging,http://click2hit.com/youthkitantiaging,199,199,0
10:04:2014,zenacose,http://click2hit.com/zenacose,163,164,-1
10:04:2014,zenscleanse,http://click2hit.com/zenscleanse,2618,2641,-23
10:04:2014,zinncollection,http://click2hit.com/zinncollection,180,180,0
10:04:2014,zolyria,http://click2hit.com/zolyria,498,504,-6
10:04:2014,zyloslim,http://click2hit.com/zyloslim,3764,3771,-7
10:04:2014,zymbiotix,http://click2hit.com/zymbiotix,1280,1289,-9
