dt_today,sitetitle,sitelink,pre_click,new_clicks,difrnce
01:04:2014,11fruits,http://goodpreview.info/11fruits,194,198,-4
01:04:2014,1285muscle,http://goodpreview.info/1285muscle,2852,2853,-1
01:04:2014,92trimgreencoffee,http://goodpreview.info/92trimgreencoffee,35,35,0
01:04:2014,Americig,http://goodpreview.info/Americig,388,396,-8
01:04:2014,Nuvagenic,http://goodpreview.info/Nuvagenic,1088,1096,-8
01:04:2014,Prolexin,http://goodpreview.info/Prolexin,678,695,-17
01:04:2014,SVELME,http://goodpreview.info/SVELME,788,789,-1
01:04:2014,SlimSpray,http://goodpreview.info/SlimSpray,253,255,-2
01:04:2014,acaiberryfresh,http://goodpreview.info/acaiberryfresh,95,95,0
01:04:2014,acainatural,http://goodpreview.info/acainatural,132,132,0
01:04:2014,acaiultralean,http://goodpreview.info/acaiultralean,129,129,0
01:04:2014,advancedgarciniacambogia,http://goodpreview.info/advancedgarciniacambogia,881,881,0
01:04:2014,advancedgarciniacambogia-fr,http://goodpreview.info/advancedgarciniacambogia-fr,106,106,0
01:04:2014,advancedgarciniacambogia1,http://goodpreview.info/advancedgarciniacambogia1,11,17,-6
01:04:2014,advancedkrealkalyn,http://goodpreview.info/advancedkrealkalyn,145,145,0
01:04:2014,advancedpurecleanse,http://goodpreview.info/advancedpurecleanse,0,0,0
01:04:2014,advancedpurecleanse1,http://goodpreview.info/advancedpurecleanse1,13,19,-6
01:04:2014,africanmangoboost,http://goodpreview.info/africanmangoboost,118,118,0
01:04:2014,africanmangoprox,http://goodpreview.info/africanmangoprox,42,42,0
01:04:2014,africanmangopure,http://goodpreview.info/africanmangopure,76,76,0
01:04:2014,aktiveam,http://goodpreview.info/aktiveam,1591,1594,-3
01:04:2014,aktivepm,http://goodpreview.info/aktivepm,1969,1980,-11
01:04:2014,alphajacked,http://goodpreview.info/alphajacked,769,771,-2
01:04:2014,alphamaxplus,http://goodpreview.info/alphamaxplus,10,10,0
01:04:2014,amazing,http://goodpreview.info/amazing,286,304,-18
01:04:2014,aminomuscle,http://goodpreview.info/aminomuscle,1176,1185,-9
01:04:2014,aminoprime,http://goodpreview.info/aminoprime,106,106,0
01:04:2014,aminoprimexl,http://goodpreview.info/aminoprimexl,273,274,-1
01:04:2014,anabolicrx24,http://goodpreview.info/anabolicrx24,16762,16962,-200
01:04:2014,anatomyx5,http://goodpreview.info/anatomyx5,3,3,0
01:04:2014,androsolve,http://goodpreview.info/androsolve,1469,1469,0
01:04:2014,androx,http://goodpreview.info/androx,11477,11878,-401
01:04:2014,anoradrol,http://goodpreview.info/anoradrol,210,212,-2
01:04:2014,auravie,http://goodpreview.info/auravie,104,104,0
01:04:2014,authenticgreencoffee,http://goodpreview.info/authenticgreencoffee,240,240,0
01:04:2014,beaudify,http://goodpreview.info/beaudify,64,66,-2
01:04:2014,beautefxbbcream,http://goodpreview.info/beautefxbbcream,2,2,0
01:04:2014,beautynectarcollagen,http://goodpreview.info/beautynectarcollagen,131,131,0
01:04:2014,beddefense,http://goodpreview.info/beddefense,24,24,0
01:04:2014,bellagenix,http://goodpreview.info/bellagenix,138,138,0
01:04:2014,bellalabs,http://goodpreview.info/bellalabs,7,7,0
01:04:2014,bellaplex,http://goodpreview.info/bellaplex,109,109,0
01:04:2014,beriultimatepro,http://goodpreview.info/beriultimatepro,68,68,0
01:04:2014,berrythin,http://goodpreview.info/berrythin,323,323,0
01:04:2014,betaalaninemax,http://goodpreview.info/betaalaninemax,0,0,0
01:04:2014,betaalaninextreme,http://goodpreview.info/betaalaninextreme,14,15,-1
01:04:2014,beyondraspberry,http://goodpreview.info/beyondraspberry,74,75,-1
01:04:2014,biohealthgarciniacambogia,http://goodpreview.info/biohealthgarciniacambogia,3330,3350,-20
01:04:2014,biomelt,http://goodpreview.info/biomelt,293,308,-15
01:04:2014,blastxl,http://goodpreview.info/blastxl,144,146,-2
01:04:2014,bodycleanseplus,http://goodpreview.info/bodycleanseplus,66,66,0
01:04:2014,bodywrap,http://goodpreview.info/bodywrap,204,205,-1
01:04:2014,breakfree,http://goodpreview.info/breakfree,111,111,0
01:04:2014,cambogiatrim,http://goodpreview.info/cambogiatrim,596,596,0
01:04:2014,capsicum,http://goodpreview.info/capsicum,137,138,-1
01:04:2014,celebritycleanser,http://goodpreview.info/celebritycleanser,48,49,-1
01:04:2014,celebrityraspberry,http://goodpreview.info/celebrityraspberry,134,134,0
01:04:2014,cellanafricanmango,http://goodpreview.info/cellanafricanmango,234,239,-5
01:04:2014,cellogicaskin,http://goodpreview.info/cellogicaskin,46,46,0
01:04:2014,centrislim,http://goodpreview.info/centrislim,197,198,-1
01:04:2014,certifiedgreencoffee,http://goodpreview.info/certifiedgreencoffee,147,147,0
01:04:2014,certifiedpuregreencoffee,http://goodpreview.info/certifiedpuregreencoffee,19,19,0
01:04:2014,chiocegreencoffee,http://goodpreview.info/chiocegreencoffee,545,545,0
01:04:2014,choicegreencoffee,http://goodpreview.info/choicegreencoffee,329,334,-5
01:04:2014,cleansefx,http://goodpreview.info/cleansefx,8749,8819,-70
01:04:2014,cleanseplus,http://goodpreview.info/cleanseplus,361,362,-1
01:04:2014,cleanseplus1,http://goodpreview.info/cleanseplus1,0,0,0
01:04:2014,cleansepremium,http://goodpreview.info/cleansepremium,15,15,0
01:04:2014,cleansewonder,http://goodpreview.info/cleansewonder,194,195,-1
01:04:2014,cleansextrem,http://goodpreview.info/cleansextrem,1629,7,1622
01:04:2014,cleantrim,http://goodpreview.info/cleantrim,225,225,0
01:04:2014,clearcleansepro,http://goodpreview.info/clearcleansepro,105,107,-2
01:04:2014,clearsmoke,http://goodpreview.info/clearsmoke,173,173,0
01:04:2014,codered7,http://goodpreview.info/codered7,284,288,-4
01:04:2014,coleanse,http://goodpreview.info/coleanse,122,123,-1
01:04:2014,collaton,http://goodpreview.info/collaton,88,88,0
01:04:2014,colocleansepro,http://goodpreview.info/colocleansepro,0,0,0
01:04:2014,coloncleansetotal,http://goodpreview.info/coloncleansetotal,12,12,0
01:04:2014,colonpurecleanse,http://goodpreview.info/colonpurecleanse,130,130,0
01:04:2014,colothin,http://goodpreview.info/colothin,986,986,0
01:04:2014,completecoffeecleanse,http://goodpreview.info/completecoffeecleanse,1967,1969,-2
01:04:2014,complexiderm,http://goodpreview.info/complexiderm,102,102,0
01:04:2014,corecutter,http://goodpreview.info/corecutter,20,23,-3
01:04:2014,csorex,http://goodpreview.info/csorex,172,172,0
01:04:2014,dailyfacelift,http://goodpreview.info/dailyfacelift,90,91,-1
01:04:2014,dailyfacestemcelltechnology,http://goodpreview.info/dailyfacestemcelltechnology,189,192,-3
01:04:2014,dailypowercleanse,http://goodpreview.info/dailypowercleanse,96,100,-4
01:04:2014,deerantlerxtreme,http://goodpreview.info/deerantlerxtreme,128,129,-1
01:04:2014,dermarose,http://goodpreview.info/dermarose,112,112,0
01:04:2014,dermaset,http://goodpreview.info/dermaset,46,46,0
01:04:2014,dermpure,http://goodpreview.info/dermpure,80,80,0
01:04:2014,dietgreencoffeebean,http://goodpreview.info/dietgreencoffeebean,304,305,-1
01:04:2014,drillpill,http://goodpreview.info/drillpill,451,451,0
01:04:2014,elevategf,http://goodpreview.info/elevategf,171,172,-1
01:04:2014,elier,http://goodpreview.info/elier,50,50,0
01:04:2014,elierskincare,http://goodpreview.info/elierskincare,40,40,0
01:04:2014,elitetest360,http://goodpreview.info/elitetest360,385,393,-8
01:04:2014,emeraldluxecig,http://goodpreview.info/emeraldluxecig,111,111,0
01:04:2014,enduros,http://goodpreview.info/enduros,942,944,-2
01:04:2014,envigra,http://goodpreview.info/envigra,102,103,-1
01:04:2014,estrodetox,http://goodpreview.info/estrodetox,92,94,-2
01:04:2014,extentxl,http://goodpreview.info/extentxl,171,171,0
01:04:2014,fembalance,http://goodpreview.info/fembalance,17,17,0
01:04:2014,flawlessraspberryketone,http://goodpreview.info/flawlessraspberryketone,72,73,-1
01:04:2014,formulat10,http://goodpreview.info/formulat10,1497,1499,-2
01:04:2014,garcinaiawow1,http://goodpreview.info/garcinaiawow1,2562,2579,-17
01:04:2014,garciniacambogia,http://goodpreview.info/garciniacambogia,1165,1220,-55
01:04:2014,garciniacambogia1000,http://goodpreview.info/garciniacambogia1000,61,61,0
01:04:2014,garciniacambogiaelite,http://goodpreview.info/garciniacambogiaelite,5127,5147,-20
01:04:2014,garciniacambogiafatbuster,http://goodpreview.info/garciniacambogiafatbuster,89,89,0
01:04:2014,garciniacambogiamax,http://goodpreview.info/garciniacambogiamax,2387,2395,-8
01:04:2014,garciniacambogiamiracle,http://goodpreview.info/garciniacambogiamiracle,126,128,-2
01:04:2014,garciniacambogiapremium,http://goodpreview.info/garciniacambogiapremium,1075,1075,0
01:04:2014,garciniacambogiapureextract,http://goodpreview.info/garciniacambogiapureextract,139,139,0
01:04:2014,garciniacambogiapureselect,http://goodpreview.info/garciniacambogiapureselect,575,575,0
01:04:2014,garciniacambogiasupreme,http://goodpreview.info/garciniacambogiasupreme,2720,2781,-61
01:04:2014,garciniacambogiatoday,http://goodpreview.info/garciniacambogiatoday,108,115,-7
01:04:2014,garciniacambogiaultra,http://goodpreview.info/garciniacambogiaultra,349,352,-3
01:04:2014,garciniaforte,http://goodpreview.info/garciniaforte,2646,2651,-5
01:04:2014,garciniafreetrial,http://goodpreview.info/garciniafreetrial,67,67,0
01:04:2014,garciniagreen,http://goodpreview.info/garciniagreen,826,830,-4
01:04:2014,garciniapureelite1,http://goodpreview.info/garciniapureelite1,1,1,0
01:04:2014,garciniatoday,http://goodpreview.info/garciniatoday,0,0,0
01:04:2014,garciniatotal,http://goodpreview.info/garciniatotal,77,78,-1
01:04:2014,garciniawow,http://goodpreview.info/garciniawow,661,706,-45
01:04:2014,garcinium,http://goodpreview.info/garcinium,84,120,-36
01:04:2014,gc7x,http://goodpreview.info/gc7x,101,101,0
01:04:2014,gc7xgreencoffee,http://goodpreview.info/gc7xgreencoffee,0,0,0
01:04:2014,gcbultra,http://goodpreview.info/gcbultra,51,51,0
01:04:2014,gcbx,http://goodpreview.info/gcbx,17061,17062,-1
01:04:2014,gcbx1,http://goodpreview.info/gcbx1,195,196,-1
01:04:2014,gcspeedslim,http://goodpreview.info/gcspeedslim,5598,5640,-42
01:04:2014,gcultra,http://goodpreview.info/gcultra,133,134,-1
01:04:2014,gcultragarcinia,http://goodpreview.info/gcultragarcinia,4,4,0
01:04:2014,geneme,http://goodpreview.info/geneme,39,39,0
01:04:2014,getnaturalgarcinia,http://goodpreview.info/getnaturalgarcinia,40,40,0
01:04:2014,greencoffeeadvanced,http://goodpreview.info/greencoffeeadvanced,180,181,-1
01:04:2014,greencoffeebean8000,http://goodpreview.info/greencoffeebean8000,66,66,0
01:04:2014,greencoffeebody,http://goodpreview.info/greencoffeebody,33,33,0
01:04:2014,greencoffeeburn,http://goodpreview.info/greencoffeeburn,22,22,0
01:04:2014,greencoffeeextreme,http://goodpreview.info/greencoffeeextreme,84,84,0
01:04:2014,greencoffeemax,http://goodpreview.info/greencoffeemax,123,123,0
01:04:2014,greencoffeemaxx,http://goodpreview.info/greencoffeemaxx,2,2,0
01:04:2014,greencoffeeoptimum,http://goodpreview.info/greencoffeeoptimum,122,122,0
01:04:2014,greencoffeeprogram,http://goodpreview.info/greencoffeeprogram,0,0,0
01:04:2014,greencoffeeultraslim,http://goodpreview.info/greencoffeeultraslim,201,203,-2
01:04:2014,greentonepro,http://goodpreview.info/greentonepro,306,307,-1
01:04:2014,healthetrimgarcinia,http://goodpreview.info/healthetrimgarcinia,148,150,-2
01:04:2014,healthychoicegc,http://goodpreview.info/healthychoicegc,733,737,-4
01:04:2014,horsepowerplusxxxl,http://goodpreview.info/horsepowerplusxxxl,87,151,-64
01:04:2014,hugegenic,http://goodpreview.info/hugegenic,250,253,-3
01:04:2014,hydrellatone,http://goodpreview.info/hydrellatone,102,102,0
01:04:2014,hydrocollagen,http://goodpreview.info/hydrocollagen,42,42,0
01:04:2014,hydroderm,http://goodpreview.info/hydroderm,43,43,0
01:04:2014,hyperfuel9x,http://goodpreview.info/hyperfuel9x,1874,1882,-8
01:04:2014,illuminatedteeth,http://goodpreview.info/illuminatedteeth,31,34,-3
01:04:2014,instantwrinklerepair,http://goodpreview.info/instantwrinklerepair,18,18,0
01:04:2014,iqderma,http://goodpreview.info/iqderma,399,404,-5
01:04:2014,iqdermaessen,http://goodpreview.info/iqdermaessen,0,0,0
01:04:2014,ketoneoptimum,http://goodpreview.info/ketoneoptimum,150,150,0
01:04:2014,kleanslim,http://goodpreview.info/kleanslim,98,99,-1
01:04:2014,lacreme,http://goodpreview.info/lacreme,730,734,-4
01:04:2014,leanmuscleformula,http://goodpreview.info/leanmuscleformula,1357,8,1349
01:04:2014,ledermeluxe,http://goodpreview.info/ledermeluxe,184,184,0
01:04:2014,leparfait,http://goodpreview.info/leparfait,6,9,-3
01:04:2014,leparisehydragold,http://goodpreview.info/leparisehydragold,58,58,0
01:04:2014,levela,http://goodpreview.info/levela,102,102,0
01:04:2014,lifedetox,http://goodpreview.info/lifedetox,145,145,0
01:04:2014,liftserumpro,http://goodpreview.info/liftserumpro,179,181,-2
01:04:2014,liposlender,http://goodpreview.info/liposlender,22,22,0
01:04:2014,liposlim,http://goodpreview.info/liposlim,1829,1830,-1
01:04:2014,liposom,http://goodpreview.info/liposom,60,60,0
01:04:2014,liveskinny,http://goodpreview.info/liveskinny,232,232,0
01:04:2014,lumahydrate,http://goodpreview.info/lumahydrate,322,335,-13
01:04:2014,lumarepair,http://goodpreview.info/lumarepair,438,443,-5
01:04:2014,lunathin,http://goodpreview.info/lunathin,121,122,-1
01:04:2014,luxoderm,http://goodpreview.info/luxoderm,180,188,-8
01:04:2014,lysocleanse,http://goodpreview.info/lysocleanse,1698,1708,-10
01:04:2014,maxdetoxpro,http://goodpreview.info/maxdetoxpro,568,571,-3
01:04:2014,maxgarciniaburn,http://goodpreview.info/maxgarciniaburn,455,455,0
01:04:2014,maximumshred,http://goodpreview.info/maximumshred,1497,1499,-2
01:04:2014,maxrobust,http://goodpreview.info/maxrobust,244,244,0
01:04:2014,maxrobustxtreme,http://goodpreview.info/maxrobustxtreme,520,520,0
01:04:2014,mightyraspberryketone,http://goodpreview.info/mightyraspberryketone,5081,5085,-4
01:04:2014,miraclegarciniacambogia,http://goodpreview.info/miraclegarciniacambogia,441,448,-7
01:04:2014,miraclegreencoffee,http://goodpreview.info/miraclegreencoffee,426,430,-4
01:04:2014,miraclesaffron,http://goodpreview.info/miraclesaffron,40,40,0
01:04:2014,mitoslim,http://goodpreview.info/mitoslim,2050,2050,0
01:04:2014,musclefactorx,http://goodpreview.info/musclefactorx,1423,1426,-3
01:04:2014,musclefactorx-1,http://goodpreview.info/musclefactorx-1,20,20,0
01:04:2014,musclekingpro,http://goodpreview.info/musclekingpro,497,499,-2
01:04:2014,musclemaxextreme,http://goodpreview.info/musclemaxextreme,136,136,0
01:04:2014,muscleplus,http://goodpreview.info/muscleplus,138,138,0
01:04:2014,musclerevolutionpro,http://goodpreview.info/musclerevolutionpro,1385,1387,-2
01:04:2014,musclerevx,http://goodpreview.info/musclerevx,71,73,-2
01:04:2014,musclerevxtreme,http://goodpreview.info/musclerevxtreme,55,55,0
01:04:2014,musclexlerator,http://goodpreview.info/musclexlerator,18,18,0
01:04:2014,musclexmax,http://goodpreview.info/musclexmax,1358,1366,-8
01:04:2014,musclexmax1,http://goodpreview.info/musclexmax1,270,270,0
01:04:2014,musclezx90,http://goodpreview.info/musclezx90,4918,4927,-9
01:04:2014,naturalcleanse,http://goodpreview.info/naturalcleanse,7950,7956,-6
01:04:2014,naturalgarciniacambogia,http://goodpreview.info/naturalgarciniacambogia,2739,2741,-2
01:04:2014,naturalgreencoffee,http://goodpreview.info/naturalgreencoffee,7,7,0
01:04:2014,naturalhealthgarcinia,http://goodpreview.info/naturalhealthgarcinia,47,47,0
01:04:2014,naturalpurecleanse,http://goodpreview.info/naturalpurecleanse,1501,1511,-10
01:04:2014,nauseam,http://goodpreview.info/nauseam,133,133,0
01:04:2014,nauseamplus,http://goodpreview.info/nauseamplus,0,0,0
01:04:2014,nextrim,http://goodpreview.info/nextrim,1712,1716,-4
01:04:2014,nitricmusclemax,http://goodpreview.info/nitricmusclemax,12715,12876,-161
01:04:2014,nitrofocusno3,http://goodpreview.info/nitrofocusno3,45,55,-10
01:04:2014,niwali,http://goodpreview.info/niwali,780,785,-5
01:04:2014,no2explodeextreme,http://goodpreview.info/no2explodeextreme,158,159,-1
01:04:2014,no2extremerush,http://goodpreview.info/no2extremerush,1296,1296,0
01:04:2014,noflameecigs,http://goodpreview.info/noflameecigs,350,350,0
01:04:2014,nuclearno,http://goodpreview.info/nuclearno,363,364,-1
01:04:2014,nuetrim,http://goodpreview.info/nuetrim,656,657,-1
01:04:2014,nutragreencoffee,http://goodpreview.info/nutragreencoffee,3492,3504,-12
01:04:2014,nutrapuregarcinia,http://goodpreview.info/nutrapuregarcinia,201,205,-4
01:04:2014,nutratoneplus,http://goodpreview.info/nutratoneplus,955,987,-32
01:04:2014,nutriberryslim,http://goodpreview.info/nutriberryslim,1000,1019,-19
01:04:2014,nuvoryn,http://goodpreview.info/nuvoryn,22,22,0
01:04:2014,optimalstack,http://goodpreview.info/optimalstack,1617,1623,-6
01:04:2014,optimummuscle,http://goodpreview.info/optimummuscle,198,199,-1
01:04:2014,organicgreencoffee,http://goodpreview.info/organicgreencoffee,89,89,0
01:04:2014,organicwhitekidneybean,http://goodpreview.info/organicwhitekidneybean,89,90,-1
01:04:2014,orviax,http://goodpreview.info/orviax,88,88,0
01:04:2014,oxitamin,http://goodpreview.info/oxitamin,146,146,0
01:04:2014,phtytoceramides,http://goodpreview.info/phtytoceramides,781,784,-3
01:04:2014,powerigf,http://goodpreview.info/powerigf,1664,1690,-26
01:04:2014,powerpumpxl,http://goodpreview.info/powerpumpxl,365,365,0
01:04:2014,powerup,http://goodpreview.info/powerup,112,114,-2
01:04:2014,premiermangocleanse,http://goodpreview.info/premiermangocleanse,496,499,-3
01:04:2014,premiumcleanse,http://goodpreview.info/premiumcleanse,2697,2710,-13
01:04:2014,premiumgarciniacambogia,http://goodpreview.info/premiumgarciniacambogia,397,397,0
01:04:2014,premiumgarciniaextract,http://goodpreview.info/premiumgarciniaextract,579,623,-44
01:04:2014,premiumgreencoffee,http://goodpreview.info/premiumgreencoffee,119,119,0
01:04:2014,premiumgreencoffee800,http://goodpreview.info/premiumgreencoffee800,107,107,0
01:04:2014,premiumraspberryketone,http://goodpreview.info/premiumraspberryketone,43,43,0
01:04:2014,primalitegarciniaextract,http://goodpreview.info/primalitegarciniaextract,677,684,-7
01:04:2014,progain350,http://goodpreview.info/progain350,175,184,-9
01:04:2014,prograce,http://goodpreview.info/prograce,1,1,0
01:04:2014,promusclecomplex,http://goodpreview.info/promusclecomplex,48,49,-1
01:04:2014,propowercleanse,http://goodpreview.info/propowercleanse,789,854,-65
01:04:2014,pureberrymax,http://goodpreview.info/pureberrymax,212,213,-1
01:04:2014,purecleansehealth,http://goodpreview.info/purecleansehealth,107,107,0
01:04:2014,purecollagen,http://goodpreview.info/purecollagen,2204,2205,-1
01:04:2014,puregarciniacambogia,http://goodpreview.info/puregarciniacambogia,1196,1198,-2
01:04:2014,puregarciniaslim,http://goodpreview.info/puregarciniaslim,127,130,-3
01:04:2014,puregreencoffeebeanextract,http://goodpreview.info/puregreencoffeebeanextract,2691,2693,-2
01:04:2014,puregreencoffeemaxima,http://goodpreview.info/puregreencoffeemaxima,37,37,0
01:04:2014,puregriffonia,http://goodpreview.info/puregriffonia,96,96,0
01:04:2014,pureketoneslim,http://goodpreview.info/pureketoneslim,29,29,0
01:04:2014,purelifeclanse,http://goodpreview.info/purelifeclanse,101,103,-2
01:04:2014,puremusclepro,http://goodpreview.info/puremusclepro,1794,1797,-3
01:04:2014,purenaturalcleanser,http://goodpreview.info/purenaturalcleanser,476,476,0
01:04:2014,purephytoceramides,http://goodpreview.info/purephytoceramides,68,70,-2
01:04:2014,pureraspberryketonepremium,http://goodpreview.info/pureraspberryketonepremium,62,62,0
01:04:2014,puresaffronslim,http://goodpreview.info/puresaffronslim,422,422,0
01:04:2014,pureslim57,http://goodpreview.info/pureslim57,125,125,0
01:04:2014,purgarciniacambogia,http://goodpreview.info/purgarciniacambogia,156,156,0
01:04:2014,purgreencoffee,http://goodpreview.info/purgreencoffee,1622,1624,-2
01:04:2014,purifyre,http://goodpreview.info/purifyre,241,242,-1
01:04:2014,purifyregreencoffee,http://goodpreview.info/purifyregreencoffee,0,0,0
01:04:2014,raspberryhealth,http://goodpreview.info/raspberryhealth,39,39,0
01:04:2014,raspberryketoneblast,http://goodpreview.info/raspberryketoneblast,3985,4023,-38
01:04:2014,raspberryketoned,http://goodpreview.info/raspberryketoned,2,2,0
01:04:2014,raspberryketoneoptimum,http://goodpreview.info/raspberryketoneoptimum,5,5,0
01:04:2014,raspberryketonepremium,http://goodpreview.info/raspberryketonepremium,76,76,0
01:04:2014,raspberryketonepure,http://goodpreview.info/raspberryketonepure,2,2,0
01:04:2014,raspberryketonethin,http://goodpreview.info/raspberryketonethin,401,406,-5
01:04:2014,raspberryslimplus,http://goodpreview.info/raspberryslimplus,125,125,0
01:04:2014,refuelextreme,http://goodpreview.info/refuelextreme,452,458,-6
01:04:2014,regalecig,http://goodpreview.info/regalecig,352,357,-5
01:04:2014,regalecigs,http://goodpreview.info/regalecigs,39,40,-1
01:04:2014,rejuvaglow,http://goodpreview.info/rejuvaglow,69,69,0
01:04:2014,rejuveneyemax,http://goodpreview.info/rejuveneyemax,1,10,-9
01:04:2014,rellift,http://goodpreview.info/rellift,29,29,0
01:04:2014,renovo,http://goodpreview.info/renovo,23,29,-6
01:04:2014,restiflex,http://goodpreview.info/restiflex,62,62,0
01:04:2014,revitalize,http://goodpreview.info/revitalize,24,24,0
01:04:2014,revitatone,http://goodpreview.info/revitatone,8655,8736,-81
01:04:2014,revolutionaryraspberryketone,http://goodpreview.info/revolutionaryraspberryketone,65,65,0
01:04:2014,revoreplex,http://goodpreview.info/revoreplex,114,114,0
01:04:2014,revtesttestosterone,http://goodpreview.info/revtesttestosterone,1587,1589,-2
01:04:2014,rippedmusclex,http://goodpreview.info/rippedmusclex,155,155,0
01:04:2014,rippedxburn,http://goodpreview.info/rippedxburn,181,181,0
01:04:2014,sacredarganoil,http://goodpreview.info/sacredarganoil,44,44,0
01:04:2014,safercolon,http://goodpreview.info/safercolon,2928,2945,-17
01:04:2014,saffronextractpremium,http://goodpreview.info/saffronextractpremium,104,104,0
01:04:2014,saffronextractselect,http://goodpreview.info/saffronextractselect,1337,1339,-2
01:04:2014,saffronselect,http://goodpreview.info/saffronselect,71,71,0
01:04:2014,secretgreencoffee,http://goodpreview.info/secretgreencoffee,242,244,-2
01:04:2014,simpleantiaging,http://goodpreview.info/simpleantiaging,226,226,0
01:04:2014,simplygarcinia,http://goodpreview.info/simplygarcinia,992,1013,-21
01:04:2014,skinlift,http://goodpreview.info/skinlift,2141,2141,0
01:04:2014,slendera,http://goodpreview.info/slendera,15,15,0
01:04:2014,slenderagc-1,http://goodpreview.info/slenderagc-1,382,386,-4
01:04:2014,slimatrex,http://goodpreview.info/slimatrex,609,609,0
01:04:2014,slimhelper,http://goodpreview.info/slimhelper,244,245,-1
01:04:2014,slimher,http://goodpreview.info/slimher,171,171,0
01:04:2014,slimmeryougarcinia,http://goodpreview.info/slimmeryougarcinia,0,0,0
01:04:2014,slimtropical,http://goodpreview.info/slimtropical,794,801,-7
01:04:2014,slimtropicalmx,http://goodpreview.info/slimtropicalmx,133,133,0
01:04:2014,slimzenu,http://goodpreview.info/slimzenu,197,197,0
01:04:2014,smokestarecig,http://goodpreview.info/smokestarecig,510,511,-1
01:04:2014,solpriaxtreme,http://goodpreview.info/solpriaxtreme,2758,2763,-5
01:04:2014,sorepressin,http://goodpreview.info/sorepressin,4,4,0
01:04:2014,speedtrimxs,http://goodpreview.info/speedtrimxs,89,89,0
01:04:2014,splendyr,http://goodpreview.info/splendyr,1271,1271,0
01:04:2014,splendyrantiaging,http://goodpreview.info/splendyrantiaging,51,51,0
01:04:2014,superacaicleanse,http://goodpreview.info/superacaicleanse,20,20,0
01:04:2014,supercleansetotal,http://goodpreview.info/supercleansetotal,52,56,-4
01:04:2014,supergreencoffee,http://goodpreview.info/supergreencoffee,10,10,0
01:04:2014,supergreencoffeebean,http://goodpreview.info/supergreencoffeebean,20,20,0
01:04:2014,superiormusclex,http://goodpreview.info/superiormusclex,74,77,-3
01:04:2014,superiorvelvet,http://goodpreview.info/superiorvelvet,1,1,0
01:04:2014,superyacon1000,http://goodpreview.info/superyacon1000,17,18,-1
01:04:2014,supracleanse350,http://goodpreview.info/supracleanse350,0,0,0
01:04:2014,supragreencoffee,http://goodpreview.info/supragreencoffee,873,879,-6
01:04:2014,supragreencoffeebean,http://goodpreview.info/supragreencoffeebean,0,0,0
01:04:2014,surelyyoung,http://goodpreview.info/surelyyoung,26,27,-1
01:04:2014,swissrose,http://goodpreview.info/swissrose,337,337,0
01:04:2014,swolekreate,http://goodpreview.info/swolekreate,189,191,-2
01:04:2014,syneocell,http://goodpreview.info/syneocell,48,48,0
01:04:2014,t-force,http://goodpreview.info/t-force,168,171,-3
01:04:2014,testforcextreme,http://goodpreview.info/testforcextreme,486,487,-1
01:04:2014,testoforce,http://goodpreview.info/testoforce,12,13,-1
01:04:2014,testorushrx,http://goodpreview.info/testorushrx,37,37,0
01:04:2014,testosteronemax,http://goodpreview.info/testosteronemax,321,325,-4
01:04:2014,testoxl,http://goodpreview.info/testoxl,1455,1457,-2
01:04:2014,thinmagic,http://goodpreview.info/thinmagic,235,245,-10
01:04:2014,thinmagicmax,http://goodpreview.info/thinmagicmax,0,0,0
01:04:2014,thinsport,http://goodpreview.info/thinsport,211,211,0
01:04:2014,titaniumprox,http://goodpreview.info/titaniumprox,0,0,0
01:04:2014,totalbodyfresh,http://goodpreview.info/totalbodyfresh,109,111,-2
01:04:2014,trigx2,http://goodpreview.info/trigx2,4,7,-3
01:04:2014,trimaleana,http://goodpreview.info/trimaleana,135,140,-5
01:04:2014,trimatol,http://goodpreview.info/trimatol,118,119,-1
01:04:2014,trimblendgarciniacambogia,http://goodpreview.info/trimblendgarciniacambogia,71,72,-1
01:04:2014,triminexgarciniacambogia,http://goodpreview.info/triminexgarciniacambogia,77,78,-1
01:04:2014,triminexgreencoffee,http://goodpreview.info/triminexgreencoffee,49,50,-1
01:04:2014,tripleeffectseyeserum,http://goodpreview.info/tripleeffectseyeserum,589,592,-3
01:04:2014,turboextracut,http://goodpreview.info/turboextracut,155,156,-1
01:04:2014,turboshred,http://goodpreview.info/turboshred,100,100,0
01:04:2014,ultimategarcinia,http://goodpreview.info/ultimategarcinia,162,162,0
01:04:2014,ultramaxtestosterone,http://goodpreview.info/ultramaxtestosterone,33,33,0
01:04:2014,ultrapurecoloncleanse,http://goodpreview.info/ultrapurecoloncleanse,348,350,-2
01:04:2014,ultraraspberryketone,http://goodpreview.info/ultraraspberryketone,418,418,0
01:04:2014,velora,http://goodpreview.info/velora,22,23,-1
01:04:2014,velveskin,http://goodpreview.info/velveskin,7,7,0
01:04:2014,vencleanse,http://goodpreview.info/vencleanse,425,429,-4
01:04:2014,viarex,http://goodpreview.info/viarex,587,587,0
01:04:2014,vitalifedetox,http://goodpreview.info/vitalifedetox,253,253,0
01:04:2014,vitalitygreencoffee,http://goodpreview.info/vitalitygreencoffee,84,84,0
01:04:2014,vitamax,http://goodpreview.info/vitamax,22,22,0
01:04:2014,vitolipo,http://goodpreview.info/vitolipo,1113,1120,-7
01:04:2014,vydox,http://goodpreview.info/vydox,290,293,-3
01:04:2014,wildraspberryketone,http://goodpreview.info/wildraspberryketone,141,150,-9
01:04:2014,wrinklesscream,http://goodpreview.info/wrinklesscream,252,256,-4
01:04:2014,xenaslim,http://goodpreview.info/xenaslim,40,40,0
01:04:2014,xengthx1,http://goodpreview.info/xengthx1,29,29,0
01:04:2014,xlerator,http://goodpreview.info/xlerator,0,0,0
01:04:2014,xocigs,http://goodpreview.info/xocigs,60,63,-3
01:04:2014,xtgenix,http://goodpreview.info/xtgenix,12913,12915,-2
01:04:2014,xtrememusclepro,http://goodpreview.info/xtrememusclepro,604,606,-2
01:04:2014,yaconsplash,http://goodpreview.info/yaconsplash,18,18,0
01:04:2014,yaconsyruporiginal,http://goodpreview.info/yaconsyruporiginal,93,94,-1
01:04:2014,yaconsyrupsecret,http://goodpreview.info/yaconsyrupsecret,30,30,0
01:04:2014,yoloboost,http://goodpreview.info/yoloboost,135,141,-6
01:04:2014,youthkiteyecream,http://goodpreview.info/youthkiteyecream,239,240,-1
